1, 6, 2020, 0, 0, 2, 50.400002
1, 6, 2020, 0, 10, 3, 49.500000
1, 6, 2020, 0, 20, 2, 49.900002
1, 6, 2020, 0, 30, 2, 49.299999
1, 6, 2020, 0, 40, 3, 49.500000
1, 6, 2020, 0, 50, 2, 49.400002
1, 6, 2020, 1, 0, 2, 49.500000
1, 6, 2020, 1, 10, 3, 49.200001
1, 6, 2020, 1, 20, 3, 49.000000
1, 6, 2020, 1, 30, 2, 48.900002
1, 6, 2020, 1, 40, 3, 49.799999
1, 6, 2020, 1, 50, 3, 50.200001
1, 6, 2020, 2, 0, 2, 49.900002
1, 6, 2020, 2, 10, 3, 49.799999
1, 6, 2020, 2, 20, 3, 48.900002
1, 6, 2020, 2, 30, 2, 48.900002
1, 6, 2020, 2, 40, 3, 48.099998
1, 6, 2020, 2, 50, 3, 48.599998
1, 6, 2020, 3, 0, 2, 48.299999
1, 6, 2020, 3, 10, 3, 48.099998
1, 6, 2020, 3, 20, 3, 47.799999
1, 6, 2020, 3, 30, 2, 47.400002
1, 6, 2020, 3, 40, 3, 47.500000
1, 6, 2020, 3, 50, 3, 47.599998
1, 6, 2020, 4, 0, 2, 47.400002
1, 6, 2020, 4, 10, 3, 47.299999
1, 6, 2020, 4, 20, 3, 47.200001
1, 6, 2020, 4, 30, 2, 46.900002
1, 6, 2020, 4, 40, 3, 46.700001
1, 6, 2020, 4, 50, 3, 47.599998
1, 6, 2020, 5, 0, 2, 47.299999
1, 6, 2020, 5, 10, 3, 47.700001
1, 6, 2020, 5, 20, 3, 47.200001
1, 6, 2020, 5, 30, 2, 46.799999
1, 6, 2020, 5, 40, 5, 46.900002
1, 6, 2020, 5, 50, 2, 47.500000
1, 6, 2020, 6, 0, 3, 47.599998
1, 6, 2020, 6, 10, 2, 46.500000
1, 6, 2020, 6, 20, 2, 46.700001
1, 6, 2020, 6, 30, 2, 47.099998
1, 6, 2020, 6, 40, 3, 47.000000
1, 6, 2020, 6, 50, 2, 46.799999
1, 6, 2020, 7, 0, 2, 46.700001
1, 6, 2020, 7, 10, 3, 47.099998
1, 6, 2020, 7, 20, 3, 46.599998
1, 6, 2020, 7, 30, 2, 46.700001
1, 6, 2020, 7, 40, 3, 47.500000
1, 6, 2020, 7, 50, 3, 46.700001
1, 6, 2020, 8, 0, 2, 46.799999
1, 6, 2020, 8, 10, 3, 46.799999
1, 6, 2020, 8, 20, 3, 47.299999
1, 6, 2020, 8, 30, 5, 48.299999
1, 6, 2020, 8, 40, 5, 48.299999
1, 6, 2020, 8, 50, 3, 48.000000
1, 6, 2020, 9, 0, 2, 47.900002
1, 6, 2020, 9, 10, 3, 48.000000
1, 6, 2020, 9, 20, 5, 47.700001
1, 6, 2020, 9, 30, 3, 45.200001
1, 6, 2020, 9, 40, 3, 45.400002
1, 6, 2020, 9, 50, 2, 44.799999
1, 6, 2020, 10, 0, 3, 43.200001
1, 6, 2020, 10, 10, 3, 41.599998
1, 6, 2020, 10, 20, 2, 41.099998
1, 6, 2020, 10, 30, 3, 42.000000
1, 6, 2020, 10, 40, 3, 42.099998
1, 6, 2020, 10, 50, 2, 42.400002
1, 6, 2020, 11, 0, 3, 42.599998
1, 6, 2020, 11, 10, 2, 43.000000
1, 6, 2020, 11, 20, 2, 43.799999
1, 6, 2020, 11, 30, 3, 43.500000
1, 6, 2020, 11, 40, 3, 44.000000
1, 6, 2020, 11, 50, 5, 44.099998
1, 6, 2020, 12, 0, 2, 43.400002
1, 6, 2020, 12, 10, 3, 40.000000
1, 6, 2020, 12, 20, 2, 41.500000
1, 6, 2020, 12, 30, 3, 41.500000
1, 6, 2020, 12, 40, 5, 41.400002
1, 6, 2020, 12, 50, 3, 42.000000
1, 6, 2020, 13, 0, 2, 41.700001
1, 6, 2020, 13, 10, 2, 41.900002
1, 6, 2020, 13, 20, 3, 42.400002
1, 6, 2020, 13, 30, 3, 42.200001
1, 6, 2020, 13, 40, 2, 42.700001
1, 6, 2020, 13, 50, 5, 42.799999
1, 6, 2020, 14, 0, 3, 42.700001
1, 6, 2020, 14, 10, 3, 42.299999
1, 6, 2020, 14, 20, 2, 41.900002
1, 6, 2020, 14, 30, 3, 41.900002
1, 6, 2020, 14, 40, 5, 42.299999
1, 6, 2020, 14, 50, 2, 44.799999
1, 6, 2020, 15, 0, 3, 51.000000
1, 6, 2020, 15, 10, 2, 51.299999
1, 6, 2020, 15, 20, 2, 49.500000
1, 6, 2020, 15, 30, 5, 52.500000
1, 6, 2020, 15, 40, 6, 50.500000
1, 6, 2020, 15, 50, 2, 49.900002
1, 6, 2020, 16, 0, 3, 49.700001
1, 6, 2020, 16, 10, 3, 50.000000
1, 6, 2020, 16, 20, 2, 49.799999
1, 6, 2020, 16, 30, 3, 49.500000
1, 6, 2020, 16, 40, 8, 49.299999
1, 6, 2020, 16, 50, 2, 49.099998
1, 6, 2020, 17, 0, 6, 49.900002
1, 6, 2020, 17, 10, 2, 50.700001
1, 6, 2020, 17, 20, 3, 50.099998
1, 6, 2020, 17, 30, 3, 50.200001
1, 6, 2020, 17, 40, 5, 49.900002
1, 6, 2020, 17, 50, 2, 49.599998
1, 6, 2020, 18, 0, 3, 50.099998
1, 6, 2020, 18, 10, 3, 50.400002
1, 6, 2020, 18, 20, 2, 50.900002
1, 6, 2020, 18, 30, 5, 50.799999
1, 6, 2020, 18, 40, 2, 50.799999
1, 6, 2020, 18, 50, 3, 51.700001
1, 6, 2020, 19, 0, 2, 51.900002
1, 6, 2020, 19, 10, 5, 51.099998
1, 6, 2020, 19, 20, 2, 51.099998
1, 6, 2020, 19, 30, 3, 50.700001
1, 6, 2020, 19, 40, 3, 50.500000
1, 6, 2020, 19, 50, 2, 50.500000
1, 6, 2020, 20, 0, 5, 51.200001
1, 6, 2020, 20, 10, 2, 52.000000
1, 6, 2020, 20, 20, 3, 51.599998
1, 6, 2020, 20, 30, 2, 51.200001
1, 6, 2020, 20, 40, 2, 50.900002
1, 6, 2020, 20, 50, 5, 51.000000
1, 6, 2020, 21, 0, 3, 50.700001
1, 6, 2020, 21, 10, 3, 50.700001
1, 6, 2020, 21, 20, 2, 50.700001
1, 6, 2020, 21, 30, 3, 50.700001
1, 6, 2020, 21, 40, 3, 51.000000
1, 6, 2020, 21, 50, 2, 51.000000
1, 6, 2020, 22, 0, 3, 50.900002
1, 6, 2020, 22, 10, 3, 51.099998
1, 6, 2020, 22, 20, 2, 51.299999
1, 6, 2020, 22, 30, 3, 51.799999
1, 6, 2020, 22, 40, 3, 51.400002
1, 6, 2020, 22, 50, 2, 51.900002
1, 6, 2020, 23, 0, 3, 51.900002
1, 6, 2020, 23, 10, 3, 51.500000
1, 6, 2020, 23, 20, 2, 51.799999
1, 6, 2020, 23, 30, 3, 51.099998
1, 6, 2020, 23, 40, 3, 50.900002
1, 6, 2020, 23, 50, 2, 51.400002
2, 6, 2020, 0, 0, 3, 50.799999
2, 6, 2020, 0, 10, 5, 50.799999
2, 6, 2020, 0, 20, 3, 50.799999
2, 6, 2020, 0, 30, 5, 50.700001
2, 6, 2020, 0, 40, 2, 50.400002
2, 6, 2020, 0, 50, 2, 50.599998
2, 6, 2020, 1, 0, 3, 50.599998
2, 6, 2020, 1, 10, 2, 50.599998
2, 6, 2020, 1, 20, 2, 50.599998
2, 6, 2020, 1, 30, 3, 50.299999
2, 6, 2020, 1, 40, 2, 50.200001
2, 6, 2020, 1, 50, 2, 50.299999
2, 6, 2020, 2, 0, 3, 50.700001
2, 6, 2020, 2, 10, 2, 50.500000
2, 6, 2020, 2, 20, 2, 50.200001
2, 6, 2020, 2, 30, 3, 50.000000
2, 6, 2020, 2, 40, 2, 49.900002
2, 6, 2020, 2, 50, 2, 49.799999
2, 6, 2020, 3, 0, 3, 49.599998
2, 6, 2020, 3, 10, 2, 49.900002
2, 6, 2020, 3, 20, 2, 50.000000
2, 6, 2020, 3, 30, 3, 50.000000
2, 6, 2020, 3, 40, 2, 50.000000
2, 6, 2020, 3, 50, 2, 49.299999
2, 6, 2020, 4, 0, 5, 49.500000
2, 6, 2020, 4, 10, 3, 49.299999
2, 6, 2020, 4, 20, 3, 49.200001
2, 6, 2020, 4, 30, 2, 48.900002
2, 6, 2020, 4, 40, 3, 48.599998
2, 6, 2020, 4, 50, 3, 48.599998
2, 6, 2020, 5, 0, 2, 48.599998
2, 6, 2020, 5, 10, 3, 48.799999
2, 6, 2020, 5, 20, 3, 49.099998
2, 6, 2020, 5, 30, 5, 49.099998
2, 6, 2020, 5, 40, 3, 49.200001
2, 6, 2020, 5, 50, 5, 49.599998
2, 6, 2020, 6, 0, 2, 50.200001
2, 6, 2020, 6, 10, 3, 49.799999
2, 6, 2020, 6, 20, 2, 49.700001
2, 6, 2020, 6, 30, 3, 49.099998
2, 6, 2020, 6, 40, 5, 49.700001
2, 6, 2020, 6, 50, 3, 49.700001
2, 6, 2020, 7, 0, 2, 49.700001
2, 6, 2020, 7, 10, 3, 49.599998
2, 6, 2020, 7, 20, 3, 49.400002
2, 6, 2020, 7, 30, 2, 49.000000
2, 6, 2020, 7, 40, 3, 48.799999
2, 6, 2020, 7, 50, 3, 49.299999
2, 6, 2020, 8, 0, 2, 49.000000
2, 6, 2020, 8, 10, 3, 48.900002
2, 6, 2020, 8, 20, 3, 48.900002
2, 6, 2020, 8, 30, 2, 48.900002
2, 6, 2020, 8, 40, 3, 49.000000
2, 6, 2020, 8, 50, 3, 48.900002
2, 6, 2020, 9, 0, 2, 49.099998
2, 6, 2020, 9, 10, 3, 49.299999
2, 6, 2020, 9, 20, 3, 49.400002
2, 6, 2020, 9, 30, 2, 49.799999
2, 6, 2020, 9, 40, 3, 49.799999
2, 6, 2020, 9, 50, 3, 50.200001
2, 6, 2020, 10, 0, 2, 50.299999
2, 6, 2020, 10, 10, 3, 50.500000
2, 6, 2020, 10, 20, 2, 50.000000
2, 6, 2020, 10, 30, 2, 50.099998
2, 6, 2020, 10, 40, 3, 50.099998
2, 6, 2020, 10, 50, 2, 50.200001
2, 6, 2020, 11, 0, 2, 49.900002
2, 6, 2020, 11, 10, 3, 49.900002
2, 6, 2020, 11, 20, 3, 49.599998
2, 6, 2020, 11, 30, 2, 49.599998
2, 6, 2020, 11, 40, 3, 49.599998
2, 6, 2020, 11, 50, 3, 49.299999
2, 6, 2020, 12, 0, 2, 49.400002
2, 6, 2020, 12, 10, 2, 48.200001
2, 6, 2020, 12, 20, 3, 45.900002
2, 6, 2020, 12, 30, 3, 44.799999
2, 6, 2020, 12, 40, 2, 44.299999
2, 6, 2020, 12, 50, 8, 43.900002
2, 6, 2020, 13, 0, 3, 45.000000
2, 6, 2020, 13, 10, 2, 45.700001
2, 6, 2020, 13, 20, 3, 45.799999
2, 6, 2020, 13, 30, 3, 46.599998
2, 6, 2020, 13, 40, 2, 46.200001
2, 6, 2020, 13, 50, 3, 46.299999
2, 6, 2020, 14, 0, 3, 46.000000
2, 6, 2020, 14, 10, 2, 45.900002
2, 6, 2020, 14, 20, 3, 45.400002
2, 6, 2020, 14, 30, 3, 45.400002
2, 6, 2020, 14, 40, 2, 45.599998
2, 6, 2020, 14, 50, 3, 46.000000
2, 6, 2020, 15, 0, 3, 46.500000
2, 6, 2020, 15, 10, 2, 47.099998
2, 6, 2020, 15, 20, 3, 47.200001
2, 6, 2020, 15, 30, 3, 47.500000
2, 6, 2020, 15, 40, 2, 47.799999
2, 6, 2020, 15, 50, 3, 47.700001
2, 6, 2020, 16, 0, 3, 47.700001
2, 6, 2020, 16, 10, 2, 47.900002
2, 6, 2020, 16, 20, 3, 47.799999
2, 6, 2020, 16, 30, 5, 47.900002
2, 6, 2020, 16, 40, 3, 48.200001
2, 6, 2020, 16, 50, 2, 48.400002
2, 6, 2020, 17, 0, 3, 48.400002
2, 6, 2020, 17, 10, 5, 48.799999
2, 6, 2020, 17, 20, 3, 48.799999
2, 6, 2020, 17, 30, 3, 49.000000
2, 6, 2020, 17, 40, 2, 49.500000
2, 6, 2020, 17, 50, 3, 49.599998
2, 6, 2020, 18, 0, 3, 49.799999
2, 6, 2020, 18, 10, 2, 49.900002
2, 6, 2020, 18, 20, 3, 50.000000
2, 6, 2020, 18, 30, 3, 50.500000
2, 6, 2020, 18, 40, 2, 51.200001
2, 6, 2020, 18, 50, 3, 51.400002
2, 6, 2020, 19, 0, 2, 51.500000
2, 6, 2020, 19, 10, 2, 51.700001
2, 6, 2020, 19, 20, 3, 52.000000
2, 6, 2020, 19, 30, 3, 53.299999
2, 6, 2020, 19, 40, 2, 53.099998
2, 6, 2020, 19, 50, 3, 52.799999
2, 6, 2020, 20, 0, 2, 52.900002
2, 6, 2020, 20, 10, 2, 53.500000
2, 6, 2020, 20, 20, 3, 53.000000
2, 6, 2020, 20, 30, 3, 53.599998
2, 6, 2020, 20, 40, 2, 53.500000
2, 6, 2020, 20, 50, 3, 53.500000
2, 6, 2020, 21, 0, 3, 53.700001
2, 6, 2020, 21, 10, 7, 53.900002
2, 6, 2020, 21, 20, 2, 54.200001
2, 6, 2020, 21, 30, 3, 53.799999
2, 6, 2020, 21, 40, 2, 53.900002
2, 6, 2020, 21, 50, 5, 53.599998
2, 6, 2020, 22, 0, 2, 53.599998
2, 6, 2020, 22, 10, 3, 53.799999
2, 6, 2020, 22, 20, 3, 53.500000
2, 6, 2020, 22, 30, 2, 53.500000
2, 6, 2020, 22, 40, 3, 53.500000
2, 6, 2020, 22, 50, 3, 54.099998
2, 6, 2020, 23, 0, 2, 55.500000
2, 6, 2020, 23, 10, 3, 55.500000
2, 6, 2020, 23, 20, 5, 54.799999
2, 6, 2020, 23, 30, 5, 54.400002
2, 6, 2020, 23, 40, 3, 54.500000
2, 6, 2020, 23, 50, 3, 54.400002
3, 6, 2020, 0, 0, 2, 54.400002
3, 6, 2020, 0, 10, 2, 54.400002
3, 6, 2020, 0, 20, 6, 54.099998
3, 6, 2020, 0, 30, 2, 54.200001
3, 6, 2020, 0, 40, 3, 54.299999
3, 6, 2020, 0, 50, 3, 54.400002
3, 6, 2020, 1, 0, 2, 54.400002
3, 6, 2020, 1, 10, 3, 55.500000
3, 6, 2020, 1, 20, 3, 55.299999
3, 6, 2020, 1, 30, 2, 55.299999
3, 6, 2020, 1, 40, 3, 55.400002
3, 6, 2020, 1, 50, 2, 55.099998
3, 6, 2020, 2, 0, 2, 55.099998
3, 6, 2020, 2, 10, 3, 55.000000
3, 6, 2020, 2, 20, 3, 54.799999
3, 6, 2020, 2, 30, 2, 54.700001
3, 6, 2020, 2, 40, 3, 54.599998
3, 6, 2020, 2, 50, 2, 54.500000
3, 6, 2020, 3, 0, 2, 55.000000
3, 6, 2020, 3, 10, 3, 55.000000
3, 6, 2020, 3, 20, 3, 54.900002
3, 6, 2020, 3, 30, 2, 54.700001
3, 6, 2020, 3, 40, 3, 54.599998
3, 6, 2020, 3, 50, 3, 54.599998
3, 6, 2020, 4, 0, 2, 54.799999
3, 6, 2020, 4, 10, 3, 54.799999
3, 6, 2020, 4, 20, 3, 54.900002
3, 6, 2020, 4, 30, 2, 54.799999
3, 6, 2020, 4, 40, 3, 54.599998
3, 6, 2020, 4, 50, 2, 55.400002
3, 6, 2020, 5, 0, 2, 55.400002
3, 6, 2020, 5, 10, 5, 55.500000
3, 6, 2020, 5, 20, 3, 55.299999
3, 6, 2020, 5, 30, 3, 56.000000
3, 6, 2020, 5, 40, 2, 55.900002
3, 6, 2020, 5, 50, 3, 55.700001
3, 6, 2020, 6, 0, 3, 54.900002
3, 6, 2020, 6, 10, 3, 55.200001
3, 6, 2020, 6, 20, 3, 55.799999
3, 6, 2020, 6, 30, 3, 54.500000
3, 6, 2020, 6, 40, 2, 54.700001
3, 6, 2020, 6, 50, 3, 55.099998
3, 6, 2020, 7, 0, 3, 55.400002
3, 6, 2020, 7, 10, 2, 55.200001
3, 6, 2020, 7, 20, 3, 55.400002
3, 6, 2020, 7, 30, 3, 55.099998
3, 6, 2020, 7, 40, 2, 54.799999
3, 6, 2020, 7, 50, 3, 54.500000
3, 6, 2020, 8, 0, 5, 54.400002
3, 6, 2020, 8, 10, 3, 53.900002
3, 6, 2020, 8, 20, 3, 53.500000
3, 6, 2020, 8, 30, 5, 53.200001
3, 6, 2020, 8, 40, 2, 52.500000
3, 6, 2020, 8, 50, 2, 52.500000
3, 6, 2020, 9, 0, 5, 53.700001
3, 6, 2020, 9, 10, 3, 54.500000
3, 6, 2020, 9, 20, 5, 54.799999
3, 6, 2020, 9, 30, 3, 55.400002
3, 6, 2020, 9, 40, 2, 55.099998
3, 6, 2020, 9, 50, 2, 54.799999
3, 6, 2020, 10, 0, 3, 55.000000
3, 6, 2020, 10, 10, 2, 54.900002
3, 6, 2020, 10, 20, 2, 56.000000
3, 6, 2020, 10, 30, 5, 55.000000
3, 6, 2020, 10, 40, 3, 53.000000
3, 6, 2020, 10, 50, 3, 52.799999
3, 6, 2020, 11, 0, 2, 52.400002
3, 6, 2020, 11, 10, 3, 52.099998
3, 6, 2020, 11, 20, 3, 52.099998
3, 6, 2020, 11, 30, 2, 51.599998
3, 6, 2020, 11, 40, 3, 51.299999
3, 6, 2020, 11, 50, 3, 51.099998
3, 6, 2020, 12, 0, 2, 51.299999
3, 6, 2020, 12, 10, 3, 50.700001
3, 6, 2020, 12, 20, 2, 51.299999
3, 6, 2020, 12, 30, 3, 51.900002
3, 6, 2020, 12, 40, 3, 52.099998
3, 6, 2020, 12, 50, 2, 52.000000
3, 6, 2020, 13, 0, 3, 51.799999
3, 6, 2020, 13, 10, 3, 51.700001
3, 6, 2020, 13, 20, 2, 51.500000
3, 6, 2020, 13, 30, 3, 51.599998
3, 6, 2020, 13, 40, 3, 50.700001
3, 6, 2020, 13, 50, 5, 50.200001
3, 6, 2020, 14, 0, 2, 50.200001
3, 6, 2020, 14, 10, 2, 50.299999
3, 6, 2020, 14, 20, 3, 50.500000
3, 6, 2020, 14, 30, 2, 50.599998
3, 6, 2020, 14, 40, 2, 51.099998
3, 6, 2020, 14, 50, 3, 50.799999
3, 6, 2020, 15, 0, 2, 50.500000
3, 6, 2020, 15, 10, 3, 50.299999
3, 6, 2020, 15, 20, 3, 50.400002
3, 6, 2020, 15, 30, 2, 50.099998
3, 6, 2020, 15, 40, 3, 50.400002
3, 6, 2020, 15, 50, 3, 50.200001
3, 6, 2020, 16, 0, 2, 50.900002
3, 6, 2020, 16, 10, 3, 50.799999
3, 6, 2020, 16, 20, 3, 50.700001
3, 6, 2020, 16, 30, 5, 51.500000
3, 6, 2020, 16, 40, 3, 53.099998
3, 6, 2020, 16, 50, 2, 53.700001
3, 6, 2020, 17, 0, 3, 53.599998
3, 6, 2020, 17, 10, 3, 54.000000
3, 6, 2020, 17, 20, 2, 54.799999
3, 6, 2020, 17, 30, 3, 54.599998
3, 6, 2020, 17, 40, 5, 54.400002
3, 6, 2020, 17, 50, 3, 54.400002
3, 6, 2020, 18, 0, 2, 52.900002
3, 6, 2020, 18, 10, 2, 49.700001
3, 6, 2020, 18, 20, 5, 48.900002
3, 6, 2020, 18, 30, 2, 49.000000
3, 6, 2020, 18, 40, 6, 49.200001
3, 6, 2020, 18, 50, 2, 49.299999
3, 6, 2020, 19, 0, 3, 49.700001
3, 6, 2020, 19, 10, 5, 50.200001
3, 6, 2020, 19, 20, 3, 50.700001
3, 6, 2020, 19, 30, 2, 51.000000
3, 6, 2020, 19, 40, 2, 51.000000
3, 6, 2020, 19, 50, 3, 51.400002
3, 6, 2020, 20, 0, 5, 51.799999
3, 6, 2020, 20, 10, 3, 51.799999
3, 6, 2020, 20, 20, 2, 51.599998
3, 6, 2020, 20, 30, 3, 51.900002
3, 6, 2020, 20, 40, 3, 52.299999
3, 6, 2020, 20, 50, 2, 52.000000
3, 6, 2020, 21, 0, 3, 52.200001
3, 6, 2020, 21, 10, 3, 51.900002
3, 6, 2020, 21, 20, 2, 51.599998
3, 6, 2020, 21, 30, 3, 51.400002
3, 6, 2020, 21, 40, 3, 51.500000
3, 6, 2020, 21, 50, 2, 51.200001
3, 6, 2020, 22, 0, 3, 51.299999
3, 6, 2020, 22, 10, 3, 51.099998
3, 6, 2020, 22, 20, 5, 51.000000
3, 6, 2020, 22, 30, 2, 50.900002
3, 6, 2020, 22, 40, 2, 51.200001
3, 6, 2020, 22, 50, 3, 51.500000
3, 6, 2020, 23, 0, 2, 51.400002
3, 6, 2020, 23, 10, 3, 51.400002
3, 6, 2020, 23, 20, 3, 51.400002
3, 6, 2020, 23, 30, 2, 51.299999
3, 6, 2020, 23, 40, 3, 51.099998
3, 6, 2020, 23, 50, 3, 50.799999
4, 6, 2020, 0, 0, 2, 50.700001
4, 6, 2020, 0, 10, 3, 50.599998
4, 6, 2020, 0, 20, 5, 50.400002
4, 6, 2020, 0, 30, 3, 50.200001
4, 6, 2020, 0, 40, 3, 50.099998
4, 6, 2020, 0, 50, 2, 50.000000
4, 6, 2020, 1, 0, 3, 50.200001
4, 6, 2020, 1, 10, 3, 50.400002
4, 6, 2020, 1, 20, 2, 50.500000
4, 6, 2020, 1, 30, 3, 50.599998
4, 6, 2020, 1, 40, 3, 50.599998
4, 6, 2020, 1, 50, 7, 50.599998
4, 6, 2020, 2, 0, 3, 50.500000
4, 6, 2020, 2, 10, 3, 50.299999
4, 6, 2020, 2, 20, 2, 50.299999
4, 6, 2020, 2, 30, 3, 50.400002
4, 6, 2020, 2, 40, 3, 50.299999
4, 6, 2020, 2, 50, 2, 50.400002
4, 6, 2020, 3, 0, 3, 50.400002
4, 6, 2020, 3, 10, 3, 50.400002
4, 6, 2020, 3, 20, 2, 50.299999
4, 6, 2020, 3, 30, 8, 50.400002
4, 6, 2020, 3, 40, 3, 50.700001
4, 6, 2020, 3, 50, 2, 50.799999
4, 6, 2020, 4, 0, 3, 51.200001
4, 6, 2020, 4, 10, 3, 51.000000
4, 6, 2020, 4, 20, 2, 51.099998
4, 6, 2020, 4, 30, 3, 51.000000
4, 6, 2020, 4, 40, 3, 51.000000
4, 6, 2020, 4, 50, 2, 50.900002
4, 6, 2020, 5, 0, 3, 50.799999
4, 6, 2020, 5, 10, 3, 50.799999
4, 6, 2020, 5, 20, 2, 50.900002
4, 6, 2020, 5, 30, 3, 50.700001
4, 6, 2020, 5, 40, 3, 50.500000
4, 6, 2020, 5, 50, 5, 50.799999
4, 6, 2020, 6, 0, 3, 50.400002
4, 6, 2020, 6, 10, 3, 50.200001
4, 6, 2020, 6, 20, 2, 50.299999
4, 6, 2020, 6, 30, 2, 50.200001
4, 6, 2020, 6, 40, 3, 50.400002
4, 6, 2020, 6, 50, 3, 50.299999
4, 6, 2020, 7, 0, 2, 50.400002
4, 6, 2020, 7, 10, 2, 50.400002
4, 6, 2020, 7, 20, 3, 50.599998
4, 6, 2020, 7, 30, 3, 50.799999
4, 6, 2020, 7, 40, 2, 50.099998
4, 6, 2020, 7, 50, 3, 49.299999
4, 6, 2020, 8, 0, 3, 48.799999
4, 6, 2020, 8, 10, 2, 48.400002
4, 6, 2020, 8, 20, 3, 47.900002
4, 6, 2020, 8, 30, 3, 47.599998
4, 6, 2020, 8, 40, 2, 47.500000
4, 6, 2020, 8, 50, 3, 46.400002
4, 6, 2020, 9, 0, 3, 46.900002
4, 6, 2020, 9, 10, 2, 46.700001
4, 6, 2020, 9, 20, 3, 46.400002
4, 6, 2020, 9, 30, 3, 46.000000
4, 6, 2020, 9, 40, 2, 45.799999
4, 6, 2020, 9, 50, 3, 45.700001
4, 6, 2020, 10, 0, 2, 45.700001
4, 6, 2020, 10, 10, 2, 45.599998
4, 6, 2020, 10, 20, 3, 45.400002
4, 6, 2020, 10, 30, 3, 45.000000
4, 6, 2020, 10, 40, 2, 45.000000
4, 6, 2020, 10, 50, 3, 45.000000
4, 6, 2020, 11, 0, 3, 45.200001
4, 6, 2020, 11, 10, 5, 45.700001
4, 6, 2020, 11, 20, 2, 45.799999
4, 6, 2020, 11, 30, 2, 46.500000
4, 6, 2020, 11, 40, 3, 47.099998
4, 6, 2020, 11, 50, 2, 48.000000
4, 6, 2020, 12, 0, 2, 48.000000
4, 6, 2020, 12, 10, 2, 47.799999
4, 6, 2020, 12, 20, 3, 47.299999
4, 6, 2020, 12, 30, 2, 46.000000
4, 6, 2020, 12, 40, 2, 46.400002
4, 6, 2020, 12, 50, 5, 47.099998
4, 6, 2020, 13, 0, 3, 46.700001
4, 6, 2020, 13, 10, 3, 46.900002
4, 6, 2020, 13, 20, 2, 47.000000
4, 6, 2020, 13, 30, 3, 47.200001
4, 6, 2020, 13, 40, 3, 47.599998
4, 6, 2020, 13, 50, 2, 48.000000
4, 6, 2020, 14, 0, 3, 48.299999
4, 6, 2020, 14, 10, 3, 47.900002
4, 6, 2020, 14, 20, 2, 48.700001
4, 6, 2020, 14, 30, 3, 47.700001
4, 6, 2020, 14, 40, 3, 46.599998
4, 6, 2020, 14, 50, 2, 45.900002
4, 6, 2020, 15, 0, 3, 46.200001
4, 6, 2020, 15, 10, 3, 48.299999
4, 6, 2020, 15, 20, 2, 48.599998
4, 6, 2020, 15, 30, 3, 48.500000
4, 6, 2020, 15, 40, 3, 47.599998
4, 6, 2020, 15, 50, 2, 48.700001
4, 6, 2020, 16, 0, 3, 48.900002
4, 6, 2020, 16, 10, 3, 48.700001
4, 6, 2020, 16, 20, 2, 47.599998
4, 6, 2020, 16, 30, 3, 47.099998
4, 6, 2020, 16, 40, 3, 46.400002
4, 6, 2020, 16, 50, 2, 48.299999
4, 6, 2020, 17, 0, 5, 48.099998
4, 6, 2020, 17, 10, 2, 48.400002
4, 6, 2020, 17, 20, 5, 48.400002
4, 6, 2020, 17, 30, 6, 47.799999
4, 6, 2020, 17, 40, 2, 47.900002
4, 6, 2020, 17, 50, 5, 47.500000
4, 6, 2020, 18, 0, 3, 47.299999
4, 6, 2020, 18, 10, 5, 47.599998
4, 6, 2020, 18, 20, 3, 47.700001
4, 6, 2020, 18, 30, 3, 47.700001
4, 6, 2020, 18, 40, 2, 47.900002
4, 6, 2020, 18, 50, 3, 47.599998
4, 6, 2020, 19, 0, 3, 48.099998
4, 6, 2020, 19, 10, 2, 47.900002
4, 6, 2020, 19, 20, 3, 47.599998
4, 6, 2020, 19, 30, 5, 47.799999
4, 6, 2020, 19, 40, 3, 47.799999
4, 6, 2020, 19, 50, 2, 47.400002
4, 6, 2020, 20, 0, 2, 47.299999
4, 6, 2020, 20, 10, 3, 47.400002
4, 6, 2020, 20, 20, 2, 47.099998
4, 6, 2020, 20, 30, 2, 46.900002
4, 6, 2020, 20, 40, 3, 47.500000
4, 6, 2020, 20, 50, 2, 47.200001
4, 6, 2020, 21, 0, 5, 47.400002
4, 6, 2020, 21, 10, 2, 47.099998
4, 6, 2020, 21, 20, 3, 47.000000
4, 6, 2020, 21, 30, 3, 47.400002
4, 6, 2020, 21, 40, 2, 47.000000
4, 6, 2020, 21, 50, 3, 47.099998
4, 6, 2020, 22, 0, 3, 47.200001
4, 6, 2020, 22, 10, 2, 46.799999
4, 6, 2020, 22, 20, 3, 47.000000
4, 6, 2020, 22, 30, 5, 47.400002
4, 6, 2020, 22, 40, 5, 47.200001
4, 6, 2020, 22, 50, 3, 47.299999
4, 6, 2020, 23, 0, 3, 46.900002
4, 6, 2020, 23, 10, 2, 47.299999
4, 6, 2020, 23, 20, 3, 47.299999
4, 6, 2020, 23, 30, 5, 47.500000
4, 6, 2020, 23, 40, 3, 47.299999
4, 6, 2020, 23, 50, 2, 47.099998
5, 6, 2020, 0, 0, 2, 47.299999
5, 6, 2020, 0, 10, 3, 47.700001
5, 6, 2020, 0, 20, 2, 47.299999
5, 6, 2020, 0, 30, 3, 47.200001
5, 6, 2020, 0, 40, 3, 47.099998
5, 6, 2020, 0, 50, 2, 47.099998
5, 6, 2020, 1, 0, 3, 46.900002
5, 6, 2020, 1, 10, 3, 46.900002
5, 6, 2020, 1, 20, 2, 46.400002
5, 6, 2020, 1, 30, 3, 46.599998
5, 6, 2020, 1, 40, 3, 46.900002
5, 6, 2020, 1, 50, 2, 47.099998
5, 6, 2020, 2, 0, 3, 47.099998
5, 6, 2020, 2, 10, 3, 46.900002
5, 6, 2020, 2, 20, 2, 46.799999
5, 6, 2020, 2, 30, 2, 46.799999
5, 6, 2020, 2, 40, 3, 46.900002
5, 6, 2020, 2, 50, 5, 46.799999
5, 6, 2020, 3, 0, 3, 46.599998
5, 6, 2020, 3, 10, 5, 46.400002
5, 6, 2020, 3, 20, 3, 46.700001
5, 6, 2020, 3, 30, 2, 46.700001
5, 6, 2020, 3, 40, 3, 46.200001
5, 6, 2020, 3, 50, 3, 45.900002
5, 6, 2020, 4, 0, 2, 46.000000
5, 6, 2020, 4, 10, 3, 45.400002
5, 6, 2020, 4, 20, 3, 46.000000
5, 6, 2020, 4, 30, 2, 46.000000
5, 6, 2020, 4, 40, 3, 45.900002
5, 6, 2020, 4, 50, 2, 46.000000
5, 6, 2020, 5, 0, 2, 46.099998
5, 6, 2020, 5, 10, 3, 45.200001
5, 6, 2020, 5, 20, 3, 45.099998
5, 6, 2020, 5, 30, 2, 45.299999
5, 6, 2020, 5, 40, 3, 45.500000
5, 6, 2020, 5, 50, 3, 45.900002
5, 6, 2020, 6, 0, 2, 45.700001
5, 6, 2020, 6, 10, 2, 45.400002
5, 6, 2020, 6, 20, 3, 45.599998
5, 6, 2020, 6, 30, 3, 45.900002
5, 6, 2020, 6, 40, 3, 46.200001
5, 6, 2020, 6, 50, 2, 46.200001
5, 6, 2020, 7, 0, 3, 45.900002
5, 6, 2020, 7, 10, 3, 43.599998
5, 6, 2020, 7, 20, 2, 44.200001
5, 6, 2020, 7, 30, 3, 43.599998
5, 6, 2020, 7, 40, 3, 43.099998
5, 6, 2020, 7, 50, 2, 42.500000
5, 6, 2020, 8, 0, 3, 42.799999
5, 6, 2020, 8, 10, 3, 43.400002
5, 6, 2020, 8, 20, 2, 44.099998
5, 6, 2020, 8, 30, 3, 43.599998
5, 6, 2020, 8, 40, 3, 42.299999
5, 6, 2020, 8, 50, 5, 42.299999
5, 6, 2020, 9, 0, 2, 41.000000
5, 6, 2020, 9, 10, 3, 40.099998
5, 6, 2020, 9, 20, 5, 41.299999
5, 6, 2020, 9, 30, 3, 41.099998
5, 6, 2020, 9, 40, 3, 40.200001
5, 6, 2020, 9, 50, 2, 36.900002
5, 6, 2020, 10, 0, 3, 37.099998
5, 6, 2020, 10, 10, 3, 36.799999
5, 6, 2020, 10, 20, 2, 38.099998
5, 6, 2020, 10, 30, 3, 40.099998
5, 6, 2020, 10, 40, 3, 39.799999
5, 6, 2020, 10, 50, 2, 40.099998
5, 6, 2020, 11, 0, 3, 37.500000
5, 6, 2020, 11, 10, 3, 38.500000
5, 6, 2020, 11, 20, 2, 38.200001
5, 6, 2020, 11, 30, 3, 38.500000
5, 6, 2020, 11, 40, 3, 38.900002
5, 6, 2020, 11, 50, 2, 39.299999
5, 6, 2020, 12, 0, 3, 39.299999
5, 6, 2020, 12, 10, 2, 39.099998
5, 6, 2020, 12, 20, 3, 40.299999
5, 6, 2020, 12, 30, 3, 40.299999
5, 6, 2020, 12, 40, 2, 40.299999
5, 6, 2020, 12, 50, 3, 40.099998
5, 6, 2020, 13, 0, 3, 40.500000
5, 6, 2020, 13, 10, 2, 40.099998
5, 6, 2020, 13, 20, 3, 40.299999
5, 6, 2020, 13, 30, 3, 40.299999
5, 6, 2020, 13, 40, 2, 40.700001
5, 6, 2020, 13, 50, 3, 41.200001
5, 6, 2020, 14, 0, 3, 42.400002
5, 6, 2020, 14, 10, 2, 42.700001
5, 6, 2020, 14, 20, 3, 42.700001
5, 6, 2020, 14, 30, 3, 42.700001
5, 6, 2020, 14, 40, 2, 42.599998
5, 6, 2020, 14, 50, 3, 42.700001
5, 6, 2020, 15, 0, 3, 42.799999
5, 6, 2020, 15, 10, 2, 42.799999
5, 6, 2020, 15, 20, 3, 42.799999
5, 6, 2020, 15, 30, 3, 42.900002
5, 6, 2020, 15, 40, 2, 42.900002
5, 6, 2020, 15, 50, 3, 42.900002
5, 6, 2020, 16, 0, 3, 42.900002
5, 6, 2020, 16, 10, 2, 42.900002
5, 6, 2020, 16, 20, 3, 42.900002
5, 6, 2020, 16, 30, 3, 42.599998
5, 6, 2020, 16, 40, 2, 43.000000
5, 6, 2020, 16, 50, 3, 43.500000
5, 6, 2020, 17, 0, 3, 45.500000
5, 6, 2020, 17, 10, 2, 46.599998
5, 6, 2020, 17, 20, 3, 47.400002
5, 6, 2020, 17, 30, 3, 45.200001
5, 6, 2020, 17, 40, 5, 46.400002
5, 6, 2020, 17, 50, 2, 46.599998
5, 6, 2020, 18, 0, 2, 46.099998
5, 6, 2020, 18, 10, 2, 46.200001
5, 6, 2020, 18, 20, 5, 46.299999
5, 6, 2020, 18, 30, 2, 46.400002
5, 6, 2020, 18, 40, 2, 47.200001
5, 6, 2020, 18, 50, 5, 47.099998
5, 6, 2020, 19, 0, 3, 47.200001
5, 6, 2020, 19, 10, 5, 47.400002
5, 6, 2020, 19, 20, 5, 47.599998
5, 6, 2020, 19, 30, 3, 47.700001
5, 6, 2020, 19, 40, 3, 47.799999
5, 6, 2020, 19, 50, 2, 48.000000
5, 6, 2020, 20, 0, 5, 48.000000
5, 6, 2020, 20, 10, 2, 48.200001
5, 6, 2020, 20, 20, 3, 48.400002
5, 6, 2020, 20, 30, 2, 48.500000
5, 6, 2020, 20, 40, 2, 48.599998
5, 6, 2020, 20, 50, 5, 48.599998
5, 6, 2020, 21, 0, 3, 48.799999
5, 6, 2020, 21, 10, 3, 48.700001
5, 6, 2020, 21, 20, 2, 49.099998
5, 6, 2020, 21, 30, 3, 49.400002
5, 6, 2020, 21, 40, 3, 49.400002
5, 6, 2020, 21, 50, 2, 49.599998
5, 6, 2020, 22, 0, 3, 49.299999
5, 6, 2020, 22, 10, 3, 49.400002
5, 6, 2020, 22, 20, 2, 49.299999
5, 6, 2020, 22, 30, 3, 49.400002
5, 6, 2020, 22, 40, 3, 49.299999
5, 6, 2020, 22, 50, 2, 49.299999
5, 6, 2020, 23, 0, 3, 49.299999
5, 6, 2020, 23, 10, 3, 49.299999
5, 6, 2020, 23, 20, 2, 49.400002
5, 6, 2020, 23, 30, 2, 49.500000
5, 6, 2020, 23, 40, 3, 49.500000
5, 6, 2020, 23, 50, 2, 49.599998
6, 6, 2020, 0, 0, 2, 49.799999
6, 6, 2020, 0, 10, 3, 49.799999
6, 6, 2020, 0, 20, 5, 50.099998
6, 6, 2020, 0, 30, 3, 50.000000
6, 6, 2020, 0, 40, 3, 50.000000
6, 6, 2020, 0, 50, 2, 49.799999
6, 6, 2020, 1, 0, 3, 49.799999
6, 6, 2020, 1, 10, 3, 49.700001
6, 6, 2020, 1, 20, 2, 49.700001
6, 6, 2020, 1, 30, 3, 49.500000
6, 6, 2020, 1, 40, 3, 49.599998
6, 6, 2020, 1, 50, 2, 49.400002
6, 6, 2020, 2, 0, 3, 49.400002
6, 6, 2020, 2, 10, 3, 49.400002
6, 6, 2020, 2, 20, 2, 49.299999
6, 6, 2020, 2, 30, 3, 49.200001
6, 6, 2020, 2, 40, 3, 49.299999
6, 6, 2020, 2, 50, 5, 49.299999
6, 6, 2020, 3, 0, 2, 49.400002
6, 6, 2020, 3, 10, 2, 49.599998
6, 6, 2020, 3, 20, 3, 49.400002
6, 6, 2020, 3, 30, 5, 49.500000
6, 6, 2020, 3, 40, 3, 49.700001
6, 6, 2020, 3, 50, 2, 49.400002
6, 6, 2020, 4, 0, 3, 49.400002
6, 6, 2020, 4, 10, 3, 49.400002
6, 6, 2020, 4, 20, 2, 49.500000
6, 6, 2020, 4, 30, 2, 49.500000
6, 6, 2020, 4, 40, 3, 49.400002
6, 6, 2020, 4, 50, 2, 49.299999
6, 6, 2020, 5, 0, 5, 49.400002
6, 6, 2020, 5, 10, 2, 49.299999
6, 6, 2020, 5, 20, 2, 49.299999
6, 6, 2020, 5, 30, 3, 49.200001
6, 6, 2020, 5, 40, 2, 49.200001
6, 6, 2020, 5, 50, 5, 49.299999
6, 6, 2020, 6, 0, 2, 49.200001
6, 6, 2020, 6, 10, 2, 49.099998
6, 6, 2020, 6, 20, 3, 49.299999
6, 6, 2020, 6, 30, 3, 49.400002
6, 6, 2020, 6, 40, 2, 49.400002
6, 6, 2020, 6, 50, 3, 49.200001
6, 6, 2020, 7, 0, 3, 49.000000
6, 6, 2020, 7, 10, 2, 49.000000
6, 6, 2020, 7, 20, 3, 48.900002
6, 6, 2020, 7, 30, 3, 48.799999
6, 6, 2020, 7, 40, 2, 49.200001
6, 6, 2020, 7, 50, 3, 48.700001
6, 6, 2020, 8, 0, 3, 48.500000
6, 6, 2020, 8, 10, 2, 48.599998
6, 6, 2020, 8, 20, 6, 48.700001
6, 6, 2020, 8, 30, 2, 48.599998
6, 6, 2020, 8, 40, 3, 48.200001
6, 6, 2020, 8, 50, 2, 47.000000
6, 6, 2020, 9, 0, 2, 46.599998
6, 6, 2020, 9, 10, 3, 46.500000
6, 6, 2020, 9, 20, 2, 46.200001
6, 6, 2020, 9, 30, 2, 45.400002
6, 6, 2020, 9, 40, 3, 45.099998
6, 6, 2020, 9, 50, 2, 45.400002
6, 6, 2020, 10, 0, 2, 45.599998
6, 6, 2020, 10, 10, 3, 45.799999
6, 6, 2020, 10, 20, 3, 45.799999
6, 6, 2020, 10, 30, 2, 45.700001
6, 6, 2020, 10, 40, 3, 45.900002
6, 6, 2020, 10, 50, 2, 45.700001
6, 6, 2020, 11, 0, 2, 45.799999
6, 6, 2020, 11, 10, 3, 46.000000
6, 6, 2020, 11, 20, 3, 46.500000
6, 6, 2020, 11, 30, 2, 46.500000
6, 6, 2020, 11, 40, 3, 46.500000
6, 6, 2020, 11, 50, 2, 46.299999
6, 6, 2020, 12, 0, 2, 46.900002
6, 6, 2020, 12, 10, 3, 46.799999
6, 6, 2020, 12, 20, 2, 49.500000
6, 6, 2020, 12, 30, 3, 48.900002
6, 6, 2020, 12, 40, 3, 47.900002
6, 6, 2020, 12, 50, 2, 47.400002
6, 6, 2020, 13, 0, 5, 46.500000
6, 6, 2020, 13, 10, 2, 45.400002
6, 6, 2020, 13, 20, 3, 44.400002
6, 6, 2020, 13, 30, 2, 43.799999
6, 6, 2020, 13, 40, 2, 44.200001
6, 6, 2020, 13, 50, 3, 44.500000
6, 6, 2020, 14, 0, 2, 44.500000
6, 6, 2020, 14, 10, 2, 44.299999
6, 6, 2020, 14, 20, 3, 45.500000
6, 6, 2020, 14, 30, 3, 46.000000
6, 6, 2020, 14, 40, 2, 46.299999
6, 6, 2020, 14, 50, 3, 47.500000
6, 6, 2020, 15, 0, 2, 49.200001
6, 6, 2020, 15, 10, 2, 49.500000
6, 6, 2020, 15, 20, 3, 50.299999
6, 6, 2020, 15, 30, 3, 51.400002
6, 6, 2020, 15, 40, 5, 51.299999
6, 6, 2020, 15, 50, 2, 52.099998
6, 6, 2020, 16, 0, 3, 52.200001
6, 6, 2020, 16, 10, 3, 51.700001
6, 6, 2020, 16, 20, 2, 51.400002
6, 6, 2020, 16, 30, 5, 51.299999
6, 6, 2020, 16, 40, 2, 50.799999
6, 6, 2020, 16, 50, 3, 50.799999
6, 6, 2020, 17, 0, 3, 50.900002
6, 6, 2020, 17, 10, 2, 50.799999
6, 6, 2020, 17, 20, 6, 51.000000
6, 6, 2020, 17, 30, 2, 50.900002
6, 6, 2020, 17, 40, 3, 51.400002
6, 6, 2020, 17, 50, 3, 50.900002
6, 6, 2020, 18, 0, 5, 52.000000
6, 6, 2020, 18, 10, 5, 53.000000
6, 6, 2020, 18, 20, 2, 54.500000
6, 6, 2020, 18, 30, 3, 55.299999
6, 6, 2020, 18, 40, 2, 55.900002
6, 6, 2020, 18, 50, 2, 56.000000
6, 6, 2020, 19, 0, 3, 55.900002
6, 6, 2020, 19, 10, 2, 56.000000
6, 6, 2020, 19, 20, 2, 56.299999
6, 6, 2020, 19, 30, 3, 57.200001
6, 6, 2020, 19, 40, 2, 57.200001
6, 6, 2020, 19, 50, 2, 57.200001
6, 6, 2020, 20, 0, 3, 57.500000
6, 6, 2020, 20, 10, 2, 57.500000
6, 6, 2020, 20, 20, 2, 57.700001
6, 6, 2020, 20, 30, 3, 57.900002
6, 6, 2020, 20, 40, 3, 57.900002
6, 6, 2020, 20, 50, 2, 58.099998
6, 6, 2020, 21, 0, 3, 58.500000
6, 6, 2020, 21, 10, 3, 55.400002
6, 6, 2020, 21, 20, 2, 54.200001
6, 6, 2020, 21, 30, 3, 53.700001
6, 6, 2020, 21, 40, 3, 53.900002
6, 6, 2020, 21, 50, 5, 53.900002
6, 6, 2020, 22, 0, 2, 53.400002
6, 6, 2020, 22, 10, 2, 53.200001
6, 6, 2020, 22, 20, 3, 51.799999
6, 6, 2020, 22, 30, 2, 52.099998
6, 6, 2020, 22, 40, 5, 52.500000
6, 6, 2020, 22, 50, 2, 52.400002
6, 6, 2020, 23, 0, 3, 52.200001
6, 6, 2020, 23, 10, 3, 52.099998
6, 6, 2020, 23, 20, 2, 52.000000
6, 6, 2020, 23, 30, 2, 52.000000
6, 6, 2020, 23, 40, 3, 52.299999
6, 6, 2020, 23, 50, 2, 52.400002
7, 6, 2020, 0, 0, 3, 52.200001
7, 6, 2020, 0, 10, 3, 51.700001
7, 6, 2020, 0, 20, 2, 52.099998
7, 6, 2020, 0, 30, 3, 52.200001
7, 6, 2020, 0, 40, 3, 52.200001
7, 6, 2020, 0, 50, 2, 52.099998
7, 6, 2020, 1, 0, 3, 52.200001
7, 6, 2020, 1, 10, 3, 52.099998
7, 6, 2020, 1, 20, 2, 51.799999
7, 6, 2020, 1, 30, 3, 51.700001
7, 6, 2020, 1, 40, 3, 51.799999
7, 6, 2020, 1, 50, 2, 51.900002
7, 6, 2020, 2, 0, 3, 52.099998
7, 6, 2020, 2, 10, 3, 52.099998
7, 6, 2020, 2, 20, 2, 52.099998
7, 6, 2020, 2, 30, 3, 52.000000
7, 6, 2020, 2, 40, 3, 52.000000
7, 6, 2020, 2, 50, 2, 52.000000
7, 6, 2020, 3, 0, 3, 52.099998
7, 6, 2020, 3, 10, 3, 52.099998
7, 6, 2020, 3, 20, 2, 52.200001
7, 6, 2020, 3, 30, 3, 51.799999
7, 6, 2020, 3, 40, 3, 51.799999
7, 6, 2020, 3, 50, 2, 51.799999
7, 6, 2020, 4, 0, 3, 51.799999
7, 6, 2020, 4, 10, 3, 51.400002
7, 6, 2020, 4, 20, 2, 51.200001
7, 6, 2020, 4, 30, 3, 51.400002
7, 6, 2020, 4, 40, 3, 51.299999
7, 6, 2020, 4, 50, 2, 51.400002
7, 6, 2020, 5, 0, 6, 51.799999
7, 6, 2020, 5, 10, 2, 51.799999
7, 6, 2020, 5, 20, 3, 51.799999
7, 6, 2020, 5, 30, 3, 51.799999
7, 6, 2020, 5, 40, 2, 51.799999
7, 6, 2020, 5, 50, 3, 51.799999
7, 6, 2020, 6, 0, 3, 51.900002
7, 6, 2020, 6, 10, 2, 51.799999
7, 6, 2020, 6, 20, 3, 52.000000
7, 6, 2020, 6, 30, 3, 51.900002
7, 6, 2020, 6, 40, 3, 52.000000
7, 6, 2020, 6, 50, 2, 51.900002
7, 6, 2020, 7, 0, 3, 51.900002
7, 6, 2020, 7, 10, 2, 51.900002
7, 6, 2020, 7, 20, 2, 51.900002
7, 6, 2020, 7, 30, 3, 51.900002
7, 6, 2020, 7, 40, 3, 52.000000
7, 6, 2020, 7, 50, 2, 52.000000
7, 6, 2020, 8, 0, 3, 51.900002
7, 6, 2020, 8, 10, 3, 51.799999
7, 6, 2020, 8, 20, 2, 51.599998
7, 6, 2020, 8, 30, 3, 51.400002
7, 6, 2020, 8, 40, 3, 51.200001
7, 6, 2020, 8, 50, 2, 51.099998
7, 6, 2020, 9, 0, 5, 51.200001
7, 6, 2020, 9, 10, 3, 51.200001
7, 6, 2020, 9, 20, 8, 51.400002
7, 6, 2020, 9, 30, 2, 51.299999
7, 6, 2020, 9, 40, 5, 51.500000
7, 6, 2020, 9, 50, 2, 51.299999
7, 6, 2020, 10, 0, 3, 51.700001
7, 6, 2020, 10, 10, 3, 51.500000
7, 6, 2020, 10, 20, 2, 51.299999
7, 6, 2020, 10, 30, 3, 50.799999
7, 6, 2020, 10, 40, 3, 50.200001
7, 6, 2020, 10, 50, 2, 50.000000
7, 6, 2020, 11, 0, 3, 49.599998
7, 6, 2020, 11, 10, 3, 48.900002
7, 6, 2020, 11, 20, 2, 49.200001
7, 6, 2020, 11, 30, 3, 49.000000
7, 6, 2020, 11, 40, 3, 49.400002
7, 6, 2020, 11, 50, 2, 50.099998
7, 6, 2020, 12, 0, 11, 50.700001
7, 6, 2020, 12, 10, 2, 51.500000
7, 6, 2020, 12, 20, 3, 51.599998
7, 6, 2020, 12, 30, 3, 51.799999
7, 6, 2020, 12, 40, 2, 54.099998
7, 6, 2020, 12, 50, 3, 53.799999
7, 6, 2020, 13, 0, 2, 53.900002
7, 6, 2020, 13, 10, 2, 51.799999
7, 6, 2020, 13, 20, 3, 51.799999
7, 6, 2020, 13, 30, 3, 51.299999
7, 6, 2020, 13, 40, 2, 50.599998
7, 6, 2020, 13, 50, 3, 49.200001
7, 6, 2020, 14, 0, 3, 49.700001
7, 6, 2020, 14, 10, 2, 49.700001
7, 6, 2020, 14, 20, 3, 49.500000
7, 6, 2020, 14, 30, 3, 49.400002
7, 6, 2020, 14, 40, 2, 49.500000
7, 6, 2020, 14, 50, 3, 49.299999
7, 6, 2020, 15, 0, 3, 49.099998
7, 6, 2020, 15, 10, 2, 49.200001
7, 6, 2020, 15, 20, 3, 48.799999
7, 6, 2020, 15, 30, 3, 48.500000
7, 6, 2020, 15, 40, 2, 48.400002
7, 6, 2020, 15, 50, 3, 48.099998
7, 6, 2020, 16, 0, 3, 48.599998
7, 6, 2020, 16, 10, 2, 48.500000
7, 6, 2020, 16, 20, 6, 47.599998
7, 6, 2020, 16, 30, 2, 48.700001
7, 6, 2020, 16, 40, 3, 49.400002
7, 6, 2020, 16, 50, 3, 48.099998
7, 6, 2020, 17, 0, 5, 47.900002
7, 6, 2020, 17, 10, 2, 47.799999
7, 6, 2020, 17, 20, 2, 48.299999
7, 6, 2020, 17, 30, 3, 49.000000
7, 6, 2020, 17, 40, 2, 50.700001
7, 6, 2020, 17, 50, 2, 51.099998
7, 6, 2020, 18, 0, 8, 51.099998
7, 6, 2020, 18, 10, 3, 51.000000
7, 6, 2020, 18, 20, 2, 50.700001
7, 6, 2020, 18, 30, 3, 50.700001
7, 6, 2020, 18, 40, 3, 51.700001
7, 6, 2020, 18, 50, 2, 51.799999
7, 6, 2020, 19, 0, 3, 51.900002
7, 6, 2020, 19, 10, 3, 52.000000
7, 6, 2020, 19, 20, 2, 51.900002
7, 6, 2020, 19, 30, 3, 51.900002
7, 6, 2020, 19, 40, 3, 51.900002
7, 6, 2020, 19, 50, 2, 51.900002
7, 6, 2020, 20, 0, 3, 52.000000
7, 6, 2020, 20, 10, 3, 52.000000
7, 6, 2020, 20, 20, 2, 52.000000
7, 6, 2020, 20, 30, 2, 52.099998
7, 6, 2020, 20, 40, 3, 52.200001
7, 6, 2020, 20, 50, 3, 52.200001
7, 6, 2020, 21, 0, 2, 52.200001
7, 6, 2020, 21, 10, 3, 52.299999
7, 6, 2020, 21, 20, 3, 52.200001
7, 6, 2020, 21, 30, 5, 52.299999
7, 6, 2020, 21, 40, 2, 3302.899902
7, 6, 2020, 21, 50, 3, 52.200001
7, 6, 2020, 22, 0, 3, 52.200001
7, 6, 2020, 22, 10, 2, 52.099998
7, 6, 2020, 22, 20, 3, 52.000000
7, 6, 2020, 22, 30, 3, 52.099998
7, 6, 2020, 22, 40, 2, 52.099998
7, 6, 2020, 22, 50, 3, 52.000000
7, 6, 2020, 23, 0, 5, 52.099998
7, 6, 2020, 23, 10, 3, 52.000000
7, 6, 2020, 23, 20, 3, 52.000000
7, 6, 2020, 23, 30, 2, 52.000000
7, 6, 2020, 23, 40, 3, 52.000000
7, 6, 2020, 23, 50, 3, 52.000000
8, 6, 2020, 0, 0, 2, 52.000000
8, 6, 2020, 0, 10, 2, 52.000000
8, 6, 2020, 0, 20, 3, 52.000000
8, 6, 2020, 0, 30, 5, 52.000000
8, 6, 2020, 0, 40, 3, 52.000000
8, 6, 2020, 0, 50, 2, 51.900002
8, 6, 2020, 1, 0, 3, 52.000000
8, 6, 2020, 1, 10, 3, 51.900002
8, 6, 2020, 1, 20, 5, 52.000000
8, 6, 2020, 1, 30, 3, 52.000000
8, 6, 2020, 1, 40, 2, 52.000000
8, 6, 2020, 1, 50, 3, 52.000000
8, 6, 2020, 2, 0, 3, 52.000000
8, 6, 2020, 2, 10, 2, 52.000000
8, 6, 2020, 2, 20, 3, 52.000000
8, 6, 2020, 2, 30, 3, 52.000000
8, 6, 2020, 2, 40, 5, 52.200001
8, 6, 2020, 2, 50, 2, 52.099998
8, 6, 2020, 3, 0, 6, 52.000000
8, 6, 2020, 3, 10, 2, 52.000000
8, 6, 2020, 3, 20, 3, 52.000000
8, 6, 2020, 3, 30, 3, 52.000000
8, 6, 2020, 3, 40, 2, 52.099998
8, 6, 2020, 3, 50, 3, 52.099998
8, 6, 2020, 4, 0, 3, 52.099998
8, 6, 2020, 4, 10, 2, 52.000000
8, 6, 2020, 4, 20, 3, 52.000000
8, 6, 2020, 4, 30, 5, 52.099998
8, 6, 2020, 4, 40, 3, 52.000000
8, 6, 2020, 4, 50, 2, 52.000000
8, 6, 2020, 5, 0, 5, 52.099998
8, 6, 2020, 5, 10, 2, 51.900002
8, 6, 2020, 5, 20, 2, 52.900002
8, 6, 2020, 5, 30, 3, 53.400002
8, 6, 2020, 5, 40, 2, 53.099998
8, 6, 2020, 5, 50, 5, 53.099998
8, 6, 2020, 6, 0, 2, 51.000000
8, 6, 2020, 6, 10, 3, 50.200001
8, 6, 2020, 6, 20, 2, 50.000000
8, 6, 2020, 6, 30, 2, 49.799999
8, 6, 2020, 6, 40, 3, 50.700001
8, 6, 2020, 6, 50, 3, 50.299999
8, 6, 2020, 7, 0, 2, 50.000000
8, 6, 2020, 7, 10, 3, 47.000000
8, 6, 2020, 7, 20, 3, 47.400002
8, 6, 2020, 7, 30, 2, 47.400002
8, 6, 2020, 7, 40, 5, 48.000000
8, 6, 2020, 7, 50, 2, 46.500000
8, 6, 2020, 8, 0, 3, 46.500000
8, 6, 2020, 8, 10, 3, 44.700001
8, 6, 2020, 8, 20, 2, 41.000000
8, 6, 2020, 8, 30, 3, 38.000000
8, 6, 2020, 8, 40, 3, 37.299999
8, 6, 2020, 8, 50, 2, 37.000000
8, 6, 2020, 9, 0, 3, 35.099998
8, 6, 2020, 9, 10, 3, 37.400002
8, 6, 2020, 9, 20, 2, 39.400002
8, 6, 2020, 9, 30, 3, 39.599998
8, 6, 2020, 9, 40, 3, 40.799999
8, 6, 2020, 9, 50, 2, 40.700001
8, 6, 2020, 10, 0, 2, 39.500000
8, 6, 2020, 10, 10, 3, 39.500000
8, 6, 2020, 10, 20, 2, 40.200001
8, 6, 2020, 10, 30, 2, 40.900002
8, 6, 2020, 10, 40, 3, 39.700001
8, 6, 2020, 10, 50, 5, 39.000000
8, 6, 2020, 11, 0, 3, 40.400002
8, 6, 2020, 11, 10, 5, 37.200001
8, 6, 2020, 11, 20, 2, 38.299999
8, 6, 2020, 11, 30, 2, 37.700001
8, 6, 2020, 11, 40, 3, 35.700001
8, 6, 2020, 11, 50, 2, 36.099998
8, 6, 2020, 12, 0, 3, 35.599998
8, 6, 2020, 12, 10, 3, 37.000000
8, 6, 2020, 12, 20, 2, 35.099998
8, 6, 2020, 12, 30, 3, 35.500000
8, 6, 2020, 12, 40, 3, 33.900002
8, 6, 2020, 12, 50, 2, 34.700001
8, 6, 2020, 13, 0, 3, 34.700001
8, 6, 2020, 13, 10, 3, 35.299999
8, 6, 2020, 13, 20, 2, 35.099998
8, 6, 2020, 13, 30, 3, 35.099998
8, 6, 2020, 13, 40, 3, 35.900002
8, 6, 2020, 13, 50, 2, 35.799999
8, 6, 2020, 14, 0, 3, 35.000000
8, 6, 2020, 14, 10, 3, 34.599998
8, 6, 2020, 14, 20, 3, 35.400002
8, 6, 2020, 14, 30, 2, 35.200001
8, 6, 2020, 14, 40, 3, 35.200001
8, 6, 2020, 14, 50, 2, 35.200001
8, 6, 2020, 15, 0, 2, 36.599998
8, 6, 2020, 15, 10, 3, 37.000000
8, 6, 2020, 15, 20, 3, 37.900002
8, 6, 2020, 15, 30, 2, 38.500000
8, 6, 2020, 15, 40, 3, 38.700001
8, 6, 2020, 15, 50, 3, 38.900002
8, 6, 2020, 16, 0, 2, 39.599998
8, 6, 2020, 16, 10, 3, 39.400002
8, 6, 2020, 16, 20, 3, 39.400002
8, 6, 2020, 16, 30, 7, 39.700001
8, 6, 2020, 16, 40, 3, 40.000000
8, 6, 2020, 16, 50, 3, 40.299999
8, 6, 2020, 17, 0, 7, 40.400002
8, 6, 2020, 17, 10, 3, 40.799999
8, 6, 2020, 17, 20, 8, 41.000000
8, 6, 2020, 17, 30, 2, 41.500000
8, 6, 2020, 17, 40, 2, 42.000000
8, 6, 2020, 17, 50, 3, 43.000000
8, 6, 2020, 18, 0, 2, 43.500000
8, 6, 2020, 18, 10, 2, 43.900002
8, 6, 2020, 18, 20, 3, 44.200001
8, 6, 2020, 18, 30, 3, 44.599998
8, 6, 2020, 18, 40, 2, 44.799999
8, 6, 2020, 18, 50, 3, 44.700001
8, 6, 2020, 19, 0, 3, 44.700001
8, 6, 2020, 19, 10, 2, 44.900002
8, 6, 2020, 19, 20, 3, 45.099998
8, 6, 2020, 19, 30, 3, 45.299999
8, 6, 2020, 19, 40, 2, 45.299999
8, 6, 2020, 19, 50, 3, 44.599998
8, 6, 2020, 20, 0, 3, 43.400002
8, 6, 2020, 20, 10, 2, 43.900002
8, 6, 2020, 20, 20, 3, 43.500000
8, 6, 2020, 20, 30, 3, 44.099998
8, 6, 2020, 20, 40, 2, 44.400002
8, 6, 2020, 20, 50, 3, 44.400002
8, 6, 2020, 21, 0, 3, 44.700001
8, 6, 2020, 21, 10, 2, 44.700001
8, 6, 2020, 21, 20, 3, 44.700001
8, 6, 2020, 21, 30, 3, 44.500000
8, 6, 2020, 21, 40, 2, 44.200001
8, 6, 2020, 21, 50, 3, 44.099998
8, 6, 2020, 22, 0, 3, 44.000000
8, 6, 2020, 22, 10, 2, 43.900002
8, 6, 2020, 22, 20, 3, 43.900002
8, 6, 2020, 22, 30, 3, 43.799999
8, 6, 2020, 22, 40, 2, 43.799999
8, 6, 2020, 22, 50, 3, 43.900002
8, 6, 2020, 23, 0, 3, 44.000000
8, 6, 2020, 23, 10, 2, 44.099998
8, 6, 2020, 23, 20, 3, 44.099998
8, 6, 2020, 23, 30, 3, 44.099998
8, 6, 2020, 23, 40, 2, 44.000000
8, 6, 2020, 23, 50, 3, 44.000000
9, 6, 2020, 0, 0, 3, 44.299999
9, 6, 2020, 0, 10, 3, 44.299999
9, 6, 2020, 0, 20, 3, 44.299999
9, 6, 2020, 0, 30, 2, 44.500000
9, 6, 2020, 0, 40, 3, 44.500000
9, 6, 2020, 0, 50, 2, 44.599998
9, 6, 2020, 1, 0, 2, 44.599998
9, 6, 2020, 1, 10, 3, 44.599998
9, 6, 2020, 1, 20, 3, 44.599998
9, 6, 2020, 1, 30, 2, 44.500000
9, 6, 2020, 1, 40, 3, 44.599998
9, 6, 2020, 1, 50, 2, 44.700001
9, 6, 2020, 2, 0, 2, 44.799999
9, 6, 2020, 2, 10, 3, 44.900002
9, 6, 2020, 2, 20, 2, 44.900002
9, 6, 2020, 2, 30, 2, 44.900002
9, 6, 2020, 2, 40, 3, 44.799999
9, 6, 2020, 2, 50, 2, 44.799999
9, 6, 2020, 3, 0, 2, 44.900002
9, 6, 2020, 3, 10, 3, 44.900002
9, 6, 2020, 3, 20, 2, 45.000000
9, 6, 2020, 3, 30, 5, 44.900002
9, 6, 2020, 3, 40, 3, 44.299999
9, 6, 2020, 3, 50, 2, 44.099998
9, 6, 2020, 4, 0, 3, 44.200001
9, 6, 2020, 4, 10, 3, 44.299999
9, 6, 2020, 4, 20, 2, 44.599998
9, 6, 2020, 4, 30, 3, 44.500000
9, 6, 2020, 4, 40, 3, 44.700001
9, 6, 2020, 4, 50, 2, 44.599998
9, 6, 2020, 5, 0, 3, 44.799999
9, 6, 2020, 5, 10, 3, 44.700001
9, 6, 2020, 5, 20, 2, 44.799999
9, 6, 2020, 5, 30, 3, 44.799999
9, 6, 2020, 5, 40, 3, 45.000000
9, 6, 2020, 5, 50, 2, 45.000000
9, 6, 2020, 6, 0, 3, 45.000000
9, 6, 2020, 6, 10, 3, 45.000000
9, 6, 2020, 6, 20, 3, 45.099998
9, 6, 2020, 6, 30, 3, 44.799999
9, 6, 2020, 6, 40, 2, 45.200001
9, 6, 2020, 6, 50, 3, 44.299999
9, 6, 2020, 7, 0, 3, 43.500000
9, 6, 2020, 7, 10, 2, 43.299999
9, 6, 2020, 7, 20, 3, 44.000000
9, 6, 2020, 7, 30, 3, 44.000000
9, 6, 2020, 7, 40, 2, 43.500000
9, 6, 2020, 7, 50, 3, 43.400002
9, 6, 2020, 8, 0, 3, 43.200001
9, 6, 2020, 8, 10, 2, 43.000000
9, 6, 2020, 8, 20, 3, 42.599998
9, 6, 2020, 8, 30, 3, 38.500000
9, 6, 2020, 8, 40, 2, 37.099998
9, 6, 2020, 8, 50, 3, 34.799999
9, 6, 2020, 9, 0, 3, 36.500000
9, 6, 2020, 9, 10, 2, 34.299999
9, 6, 2020, 9, 20, 3, 34.200001
9, 6, 2020, 9, 30, 3, 34.099998
9, 6, 2020, 9, 40, 2, 34.099998
9, 6, 2020, 9, 50, 3, 35.900002
9, 6, 2020, 10, 0, 3, 37.299999
9, 6, 2020, 10, 10, 2, 38.299999
9, 6, 2020, 10, 20, 5, 38.900002
9, 6, 2020, 10, 30, 2, 39.099998
9, 6, 2020, 10, 40, 3, 39.400002
9, 6, 2020, 10, 50, 2, 39.799999
9, 6, 2020, 11, 0, 2, 40.099998
9, 6, 2020, 11, 10, 3, 40.400002
9, 6, 2020, 11, 20, 5, 40.700001
9, 6, 2020, 11, 30, 3, 40.799999
9, 6, 2020, 11, 40, 2, 41.200001
9, 6, 2020, 11, 50, 3, 41.200001
9, 6, 2020, 12, 0, 3, 40.799999
9, 6, 2020, 12, 10, 2, 40.299999
9, 6, 2020, 12, 20, 3, 39.500000
9, 6, 2020, 12, 30, 3, 39.200001
9, 6, 2020, 12, 40, 2, 39.299999
9, 6, 2020, 12, 50, 3, 38.700001
9, 6, 2020, 13, 0, 3, 39.099998
9, 6, 2020, 13, 10, 2, 38.799999
9, 6, 2020, 13, 20, 3, 38.900002
9, 6, 2020, 13, 30, 3, 38.500000
9, 6, 2020, 13, 40, 2, 38.599998
9, 6, 2020, 13, 50, 3, 39.299999
9, 6, 2020, 14, 0, 3, 37.599998
9, 6, 2020, 14, 10, 2, 35.099998
9, 6, 2020, 14, 20, 3, 34.599998
9, 6, 2020, 14, 30, 3, 34.000000
9, 6, 2020, 14, 40, 2, 34.000000
9, 6, 2020, 14, 50, 3, 33.400002
9, 6, 2020, 15, 0, 3, 36.099998
9, 6, 2020, 15, 10, 2, 36.900002
9, 6, 2020, 15, 20, 3, 37.900002
9, 6, 2020, 15, 30, 3, 38.200001
9, 6, 2020, 15, 40, 2, 38.299999
9, 6, 2020, 15, 50, 3, 38.599998
9, 6, 2020, 16, 0, 3, 38.799999
9, 6, 2020, 16, 10, 2, 39.099998
9, 6, 2020, 16, 20, 3, 39.400002
9, 6, 2020, 16, 30, 3, 40.099998
9, 6, 2020, 16, 40, 2, 40.799999
9, 6, 2020, 16, 50, 3, 41.200001
9, 6, 2020, 17, 0, 3, 41.799999
9, 6, 2020, 17, 10, 2, 41.900002
9, 6, 2020, 17, 20, 3, 37.000000
9, 6, 2020, 17, 30, 3, 37.200001
9, 6, 2020, 17, 40, 2, 34.700001
9, 6, 2020, 17, 50, 3, 35.299999
9, 6, 2020, 18, 0, 3, 35.200001
9, 6, 2020, 18, 10, 3, 35.299999
9, 6, 2020, 18, 20, 3, 35.000000
9, 6, 2020, 18, 30, 2, 34.799999
9, 6, 2020, 18, 40, 3, 34.500000
9, 6, 2020, 18, 50, 3, 35.099998
9, 6, 2020, 19, 0, 2, 35.000000
9, 6, 2020, 19, 10, 3, 35.400002
9, 6, 2020, 19, 20, 3, 35.200001
9, 6, 2020, 19, 30, 2, 35.200001
9, 6, 2020, 19, 40, 3, 34.700001
9, 6, 2020, 19, 50, 3, 36.099998
9, 6, 2020, 20, 0, 2, 35.500000
9, 6, 2020, 20, 10, 3, 35.799999
9, 6, 2020, 20, 20, 3, 36.400002
9, 6, 2020, 20, 30, 2, 36.900002
9, 6, 2020, 20, 40, 2, 37.200001
9, 6, 2020, 20, 50, 5, 36.500000
9, 6, 2020, 21, 0, 3, 37.200001
9, 6, 2020, 21, 10, 3, 37.200001
9, 6, 2020, 21, 20, 2, 37.700001
9, 6, 2020, 21, 30, 3, 37.799999
9, 6, 2020, 21, 40, 3, 37.900002
9, 6, 2020, 21, 50, 2, 38.099998
9, 6, 2020, 22, 0, 3, 38.500000
9, 6, 2020, 22, 10, 3, 38.099998
9, 6, 2020, 22, 20, 2, 38.099998
9, 6, 2020, 22, 30, 3, 38.500000
9, 6, 2020, 22, 40, 3, 38.799999
9, 6, 2020, 22, 50, 2, 38.700001
9, 6, 2020, 23, 0, 3, 38.900002
9, 6, 2020, 23, 10, 3, 39.000000
9, 6, 2020, 23, 20, 2, 39.000000
9, 6, 2020, 23, 30, 3, 39.700001
9, 6, 2020, 23, 40, 3, 39.599998
9, 6, 2020, 23, 50, 2, 38.900002
10, 6, 2020, 0, 0, 3, 39.299999
10, 6, 2020, 0, 10, 3, 39.099998
10, 6, 2020, 0, 20, 3, 39.299999
10, 6, 2020, 0, 30, 5, 39.500000
10, 6, 2020, 0, 40, 2, 39.500000
10, 6, 2020, 0, 50, 2, 40.000000
10, 6, 2020, 1, 0, 5, 39.900002
10, 6, 2020, 1, 10, 3, 40.000000
10, 6, 2020, 1, 20, 5, 40.200001
10, 6, 2020, 1, 30, 3, 40.400002
10, 6, 2020, 1, 40, 3, 40.599998
10, 6, 2020, 1, 50, 2, 40.500000
10, 6, 2020, 2, 0, 3, 40.500000
10, 6, 2020, 2, 10, 5, 40.799999
10, 6, 2020, 2, 20, 3, 41.000000
10, 6, 2020, 2, 30, 2, 41.099998
10, 6, 2020, 2, 40, 3, 41.099998
10, 6, 2020, 2, 50, 3, 41.099998
10, 6, 2020, 3, 0, 2, 41.099998
10, 6, 2020, 3, 10, 3, 41.299999
10, 6, 2020, 3, 20, 3, 41.500000
10, 6, 2020, 3, 30, 2, 41.500000
10, 6, 2020, 3, 40, 3, 41.500000
10, 6, 2020, 3, 50, 3, 41.599998
10, 6, 2020, 4, 0, 2, 41.400002
10, 6, 2020, 4, 10, 3, 41.400002
10, 6, 2020, 4, 20, 3, 41.500000
10, 6, 2020, 4, 30, 2, 41.500000
10, 6, 2020, 4, 40, 6, 41.700001
10, 6, 2020, 4, 50, 2, 41.500000
10, 6, 2020, 5, 0, 5, 41.700001
10, 6, 2020, 5, 10, 2, 41.799999
10, 6, 2020, 5, 20, 3, 41.799999
10, 6, 2020, 5, 30, 2, 41.700001
10, 6, 2020, 5, 40, 2, 41.900002
10, 6, 2020, 5, 50, 3, 41.900002
10, 6, 2020, 6, 0, 2, 42.000000
10, 6, 2020, 6, 10, 3, 42.799999
10, 6, 2020, 6, 20, 2, 42.299999
10, 6, 2020, 6, 30, 3, 42.299999
10, 6, 2020, 6, 40, 5, 41.599998
10, 6, 2020, 6, 50, 3, 40.500000
10, 6, 2020, 7, 0, 2, 41.400002
10, 6, 2020, 7, 10, 3, 41.299999
10, 6, 2020, 7, 20, 3, 41.799999
10, 6, 2020, 7, 30, 2, 41.700001
10, 6, 2020, 7, 40, 2, 40.400002
10, 6, 2020, 7, 50, 3, 36.299999
10, 6, 2020, 8, 0, 2, 32.400002
10, 6, 2020, 8, 10, 3, 32.400002
10, 6, 2020, 8, 20, 3, 32.500000
10, 6, 2020, 8, 30, 2, 31.900000
10, 6, 2020, 8, 40, 2, 31.100000
10, 6, 2020, 8, 50, 3, 30.900000
10, 6, 2020, 9, 0, 2, 29.299999
10, 6, 2020, 9, 10, 2, 31.200001
10, 6, 2020, 9, 20, 3, 29.900000
10, 6, 2020, 9, 30, 2, 30.299999
10, 6, 2020, 9, 40, 2, 30.799999
10, 6, 2020, 9, 50, 3, 30.400000
10, 6, 2020, 10, 0, 5, 30.200001
10, 6, 2020, 10, 10, 3, 30.799999
10, 6, 2020, 10, 20, 2, 30.700001
10, 6, 2020, 10, 30, 3, 30.700001
10, 6, 2020, 10, 40, 3, 29.200001
10, 6, 2020, 10, 50, 2, 30.000000
10, 6, 2020, 11, 0, 3, 30.200001
10, 6, 2020, 11, 10, 3, 28.900000
10, 6, 2020, 11, 20, 2, 30.100000
10, 6, 2020, 11, 30, 3, 29.200001
10, 6, 2020, 11, 40, 3, 29.200001
10, 6, 2020, 11, 50, 2, 29.200001
10, 6, 2020, 12, 0, 3, 30.299999
10, 6, 2020, 12, 10, 3, 30.900000
10, 6, 2020, 12, 20, 3, 31.600000
10, 6, 2020, 12, 30, 2, 32.700001
10, 6, 2020, 12, 40, 3, 33.700001
10, 6, 2020, 12, 50, 3, 33.799999
10, 6, 2020, 13, 0, 5, 35.400002
10, 6, 2020, 13, 10, 2, 35.500000
10, 6, 2020, 13, 20, 2, 35.599998
10, 6, 2020, 13, 30, 3, 36.000000
10, 6, 2020, 13, 40, 3, 35.500000
10, 6, 2020, 13, 50, 2, 35.400002
10, 6, 2020, 14, 0, 3, 35.099998
10, 6, 2020, 14, 10, 3, 35.200001
10, 6, 2020, 14, 20, 2, 35.099998
10, 6, 2020, 14, 30, 3, 35.200001
10, 6, 2020, 14, 40, 3, 35.099998
10, 6, 2020, 14, 50, 2, 35.299999
10, 6, 2020, 15, 0, 3, 35.400002
10, 6, 2020, 15, 10, 5, 36.700001
10, 6, 2020, 15, 20, 3, 37.799999
10, 6, 2020, 15, 30, 2, 38.799999
10, 6, 2020, 15, 40, 5, 39.400002
10, 6, 2020, 15, 50, 2, 39.599998
10, 6, 2020, 16, 0, 3, 40.000000
10, 6, 2020, 16, 10, 3, 40.000000
10, 6, 2020, 16, 20, 2, 40.200001
10, 6, 2020, 16, 30, 3, 40.799999
10, 6, 2020, 16, 40, 3, 41.000000
10, 6, 2020, 16, 50, 2, 40.799999
10, 6, 2020, 17, 0, 3, 41.099998
10, 6, 2020, 17, 10, 3, 41.200001
10, 6, 2020, 17, 20, 12, 41.200001
10, 6, 2020, 17, 30, 2, 41.299999
10, 6, 2020, 17, 40, 3, 41.599998
10, 6, 2020, 17, 50, 2, 42.000000
10, 6, 2020, 18, 0, 2, 42.200001
10, 6, 2020, 18, 10, 2, 42.000000
10, 6, 2020, 18, 20, 3, 41.900002
10, 6, 2020, 18, 30, 3, 42.200001
10, 6, 2020, 18, 40, 5, 42.900002
10, 6, 2020, 18, 50, 3, 43.400002
10, 6, 2020, 19, 0, 2, 43.500000
10, 6, 2020, 19, 10, 3, 43.599998
10, 6, 2020, 19, 20, 3, 43.700001
10, 6, 2020, 19, 30, 2, 43.799999
10, 6, 2020, 19, 40, 3, 43.900002
10, 6, 2020, 19, 50, 3, 43.900002
10, 6, 2020, 20, 0, 2, 44.099998
10, 6, 2020, 20, 10, 3, 44.200001
10, 6, 2020, 20, 20, 3, 44.400002
10, 6, 2020, 20, 30, 2, 44.400002
10, 6, 2020, 20, 40, 3, 44.500000
10, 6, 2020, 20, 50, 3, 44.599998
10, 6, 2020, 21, 0, 5, 45.299999
10, 6, 2020, 21, 10, 2, 45.599998
10, 6, 2020, 21, 20, 7, 45.700001
10, 6, 2020, 21, 30, 5, 45.500000
10, 6, 2020, 21, 40, 3, 45.599998
10, 6, 2020, 21, 50, 3, 45.700001
10, 6, 2020, 22, 0, 2, 46.099998
10, 6, 2020, 22, 10, 6, 46.099998
10, 6, 2020, 22, 20, 2, 46.200001
10, 6, 2020, 22, 30, 3, 46.299999
10, 6, 2020, 22, 40, 5, 46.099998
10, 6, 2020, 22, 50, 3, 46.099998
10, 6, 2020, 23, 0, 2, 46.099998
10, 6, 2020, 23, 10, 3, 46.200001
10, 6, 2020, 23, 20, 3, 46.099998
10, 6, 2020, 23, 30, 2, 46.099998
10, 6, 2020, 23, 40, 3, 46.099998
10, 6, 2020, 23, 50, 3, 46.200001
11, 6, 2020, 0, 0, 2, 46.299999
11, 6, 2020, 0, 10, 2, 46.200001
11, 6, 2020, 0, 20, 5, 46.500000
11, 6, 2020, 0, 30, 2, 46.200001
11, 6, 2020, 0, 40, 7, 46.299999
11, 6, 2020, 0, 50, 3, 46.200001
11, 6, 2020, 1, 0, 2, 46.099998
11, 6, 2020, 1, 10, 2, 46.200001
11, 6, 2020, 1, 20, 3, 46.200001
11, 6, 2020, 1, 30, 7, 46.299999
11, 6, 2020, 1, 40, 2, 46.200001
11, 6, 2020, 1, 50, 3, 46.099998
11, 6, 2020, 2, 0, 3, 46.099998
11, 6, 2020, 2, 10, 2, 46.099998
11, 6, 2020, 2, 20, 3, 46.000000
11, 6, 2020, 2, 30, 3, 46.000000
11, 6, 2020, 2, 40, 2, 46.099998
11, 6, 2020, 2, 50, 3, 46.099998
11, 6, 2020, 3, 0, 3, 46.099998
11, 6, 2020, 3, 10, 5, 46.200001
11, 6, 2020, 3, 20, 3, 46.200001
11, 6, 2020, 3, 30, 2, 46.299999
11, 6, 2020, 3, 40, 3, 46.299999
11, 6, 2020, 3, 50, 2, 46.299999
11, 6, 2020, 4, 0, 2, 46.299999
11, 6, 2020, 4, 10, 3, 46.299999
11, 6, 2020, 4, 20, 3, 46.299999
11, 6, 2020, 4, 30, 2, 46.200001
11, 6, 2020, 4, 40, 3, 46.299999
11, 6, 2020, 4, 50, 5, 46.500000
11, 6, 2020, 5, 0, 5, 46.500000
11, 6, 2020, 5, 10, 3, 46.500000
11, 6, 2020, 5, 20, 3, 46.500000
11, 6, 2020, 5, 30, 2, 47.000000
11, 6, 2020, 5, 40, 3, 46.900002
11, 6, 2020, 5, 50, 2, 47.000000
11, 6, 2020, 6, 0, 2, 47.099998
11, 6, 2020, 6, 10, 3, 47.099998
11, 6, 2020, 6, 20, 3, 47.200001
11, 6, 2020, 6, 30, 2, 47.099998
11, 6, 2020, 6, 40, 5, 47.200001
11, 6, 2020, 6, 50, 2, 47.299999
11, 6, 2020, 7, 0, 3, 47.900002
11, 6, 2020, 7, 10, 2, 48.099998
11, 6, 2020, 7, 20, 2, 48.599998
11, 6, 2020, 7, 30, 3, 48.900002
11, 6, 2020, 7, 40, 2, 48.799999
11, 6, 2020, 7, 50, 2, 49.099998
11, 6, 2020, 8, 0, 5, 49.299999
11, 6, 2020, 8, 10, 3, 49.000000
11, 6, 2020, 8, 20, 3, 49.099998
11, 6, 2020, 8, 30, 5, 48.900002
11, 6, 2020, 8, 40, 3, 48.400002
11, 6, 2020, 8, 50, 2, 47.799999
11, 6, 2020, 9, 0, 3, 48.700001
11, 6, 2020, 9, 10, 2, 48.000000
11, 6, 2020, 9, 20, 2, 48.799999
11, 6, 2020, 9, 30, 3, 49.000000
11, 6, 2020, 9, 40, 2, 49.099998
11, 6, 2020, 9, 50, 2, 48.700001
11, 6, 2020, 10, 0, 3, 49.000000
11, 6, 2020, 10, 10, 2, 48.400002
11, 6, 2020, 10, 20, 2, 48.599998
11, 6, 2020, 10, 30, 3, 49.200001
11, 6, 2020, 10, 40, 2, 49.099998
11, 6, 2020, 10, 50, 2, 49.099998
11, 6, 2020, 11, 0, 3, 48.799999
11, 6, 2020, 11, 10, 2, 49.099998
11, 6, 2020, 11, 20, 2, 49.299999
11, 6, 2020, 11, 30, 3, 49.599998
11, 6, 2020, 11, 40, 2, 49.700001
11, 6, 2020, 11, 50, 2, 50.000000
11, 6, 2020, 12, 0, 3, 49.900002
11, 6, 2020, 12, 10, 2, 50.000000
11, 6, 2020, 12, 20, 3, 50.099998
11, 6, 2020, 12, 30, 3, 50.000000
11, 6, 2020, 12, 40, 2, 50.000000
11, 6, 2020, 12, 50, 3, 50.000000
11, 6, 2020, 13, 0, 3, 49.900002
11, 6, 2020, 13, 10, 5, 50.000000
11, 6, 2020, 13, 20, 3, 50.200001
11, 6, 2020, 13, 30, 2, 50.599998
11, 6, 2020, 13, 40, 3, 50.799999
11, 6, 2020, 13, 50, 3, 51.200001
11, 6, 2020, 14, 0, 2, 51.200001
11, 6, 2020, 14, 10, 3, 51.400002
11, 6, 2020, 14, 20, 3, 51.700001
11, 6, 2020, 14, 30, 2, 51.299999
11, 6, 2020, 14, 40, 3, 51.099998
11, 6, 2020, 14, 50, 3, 51.000000
11, 6, 2020, 15, 0, 2, 50.900002
11, 6, 2020, 15, 10, 3, 51.099998
11, 6, 2020, 15, 20, 3, 51.500000
11, 6, 2020, 15, 30, 2, 51.900002
11, 6, 2020, 15, 40, 3, 52.599998
11, 6, 2020, 15, 50, 3, 53.000000
11, 6, 2020, 16, 0, 2, 53.400002
11, 6, 2020, 16, 10, 3, 53.099998
11, 6, 2020, 16, 20, 3, 53.299999
11, 6, 2020, 16, 30, 2, 53.599998
11, 6, 2020, 16, 40, 3, 53.400002
11, 6, 2020, 16, 50, 3, 53.900002
11, 6, 2020, 17, 0, 2, 53.799999
11, 6, 2020, 17, 10, 3, 53.900002
11, 6, 2020, 17, 20, 3, 54.000000
11, 6, 2020, 17, 40, 3, 55.299999
11, 6, 2020, 17, 50, 2, 55.200001
11, 6, 2020, 18, 10, 4, 55.799999
11, 6, 2020, 18, 20, 2, 56.099998
11, 6, 2020, 18, 30, 3, 55.500000
11, 6, 2020, 18, 40, 3, 55.500000
11, 6, 2020, 18, 50, 2, 55.599998
11, 6, 2020, 19, 0, 3, 55.700001
11, 6, 2020, 19, 10, 3, 55.799999
11, 6, 2020, 19, 20, 2, 56.000000
11, 6, 2020, 19, 30, 3, 3304.699951
11, 6, 2020, 19, 40, 3, 55.799999
11, 6, 2020, 19, 50, 2, 55.799999
11, 6, 2020, 20, 0, 3, 55.700001
11, 6, 2020, 20, 10, 3, 55.500000
11, 6, 2020, 20, 20, 2, 55.299999
11, 6, 2020, 20, 30, 3, 55.299999
11, 6, 2020, 20, 40, 3, 55.500000
11, 6, 2020, 20, 50, 2, 55.700001
11, 6, 2020, 21, 0, 3, 55.799999
11, 6, 2020, 21, 10, 3, 55.599998
11, 6, 2020, 21, 20, 2, 55.500000
11, 6, 2020, 21, 30, 3, 55.900002
11, 6, 2020, 21, 40, 3, 56.200001
11, 6, 2020, 21, 50, 2, 55.799999
11, 6, 2020, 22, 0, 3, 55.700001
11, 6, 2020, 22, 10, 3, 55.700001
11, 6, 2020, 22, 20, 2, 55.599998
11, 6, 2020, 22, 30, 3, 55.500000
11, 6, 2020, 22, 40, 3, 55.700001
11, 6, 2020, 22, 50, 2, 55.700001
11, 6, 2020, 23, 0, 5, 55.500000
11, 6, 2020, 23, 10, 2, 55.500000
11, 6, 2020, 23, 20, 3, 55.500000
11, 6, 2020, 23, 30, 3, 55.299999
11, 6, 2020, 23, 40, 2, 55.400002
11, 6, 2020, 23, 50, 3, 55.200001
12, 6, 2020, 0, 0, 3, 55.099998
12, 6, 2020, 0, 10, 2, 55.099998
12, 6, 2020, 0, 20, 3, 55.000000
12, 6, 2020, 0, 30, 3, 55.000000
12, 6, 2020, 0, 40, 2, 55.099998
12, 6, 2020, 0, 50, 3, 55.000000
12, 6, 2020, 1, 0, 3, 54.900002
12, 6, 2020, 1, 10, 2, 55.299999
12, 6, 2020, 1, 20, 3, 54.599998
12, 6, 2020, 1, 30, 3, 54.500000
12, 6, 2020, 1, 40, 2, 54.500000
12, 6, 2020, 1, 50, 3, 54.500000
12, 6, 2020, 2, 0, 3, 54.299999
12, 6, 2020, 2, 10, 2, 54.400002
12, 6, 2020, 2, 20, 3, 54.299999
12, 6, 2020, 2, 30, 3, 54.299999
12, 6, 2020, 2, 40, 2, 54.299999
12, 6, 2020, 2, 50, 3, 54.299999
12, 6, 2020, 3, 0, 3, 54.299999
12, 6, 2020, 3, 10, 2, 54.400002
12, 6, 2020, 3, 20, 3, 54.299999
12, 6, 2020, 3, 30, 3, 54.299999
12, 6, 2020, 3, 40, 2, 54.200001
12, 6, 2020, 3, 50, 3, 54.299999
12, 6, 2020, 4, 0, 3, 54.299999
12, 6, 2020, 4, 10, 2, 54.299999
12, 6, 2020, 4, 20, 3, 54.400002
12, 6, 2020, 4, 30, 3, 54.400002
12, 6, 2020, 4, 40, 5, 54.299999
12, 6, 2020, 4, 50, 2, 54.299999
12, 6, 2020, 5, 0, 2, 54.200001
12, 6, 2020, 5, 10, 3, 54.200001
12, 6, 2020, 5, 20, 3, 54.200001
12, 6, 2020, 5, 30, 5, 54.200001
12, 6, 2020, 5, 40, 2, 54.200001
12, 6, 2020, 5, 50, 3, 54.200001
12, 6, 2020, 6, 0, 3, 54.099998
12, 6, 2020, 6, 10, 2, 54.000000
12, 6, 2020, 6, 20, 2, 53.900002
12, 6, 2020, 6, 30, 3, 53.900002
12, 6, 2020, 6, 40, 3, 54.000000
12, 6, 2020, 6, 50, 2, 53.900002
12, 6, 2020, 7, 0, 3, 53.900002
12, 6, 2020, 7, 10, 3, 54.500000
12, 6, 2020, 7, 20, 2, 54.599998
12, 6, 2020, 7, 30, 3, 54.400002
12, 6, 2020, 7, 40, 3, 54.099998
12, 6, 2020, 7, 50, 2, 54.200001
12, 6, 2020, 8, 0, 5, 54.000000
12, 6, 2020, 8, 10, 2, 53.900002
12, 6, 2020, 8, 20, 3, 53.299999
12, 6, 2020, 8, 30, 3, 52.299999
12, 6, 2020, 8, 40, 2, 51.299999
12, 6, 2020, 8, 50, 3, 50.700001
12, 6, 2020, 9, 0, 3, 51.000000
12, 6, 2020, 9, 10, 5, 51.400002
12, 6, 2020, 9, 20, 3, 51.700001
12, 6, 2020, 9, 30, 2, 50.500000
12, 6, 2020, 9, 40, 3, 50.000000
12, 6, 2020, 9, 50, 2, 49.599998
12, 6, 2020, 10, 0, 2, 49.299999
12, 6, 2020, 10, 10, 3, 49.000000
12, 6, 2020, 10, 20, 2, 48.700001
12, 6, 2020, 10, 30, 2, 49.400002
12, 6, 2020, 10, 40, 3, 49.900002
12, 6, 2020, 10, 50, 2, 50.000000
12, 6, 2020, 11, 0, 2, 50.299999
12, 6, 2020, 11, 10, 3, 50.500000
12, 6, 2020, 11, 20, 2, 50.700001
12, 6, 2020, 11, 30, 2, 50.599998
12, 6, 2020, 11, 40, 3, 50.900002
12, 6, 2020, 11, 50, 2, 50.799999
12, 6, 2020, 12, 0, 3, 51.099998
12, 6, 2020, 12, 10, 2, 51.200001
12, 6, 2020, 12, 20, 3, 51.400002
12, 6, 2020, 12, 30, 3, 51.500000
12, 6, 2020, 12, 40, 2, 3302.699951
12, 6, 2020, 12, 50, 3, 51.900002
12, 6, 2020, 13, 0, 3, 52.400002
12, 6, 2020, 13, 10, 2, 52.400002
12, 6, 2020, 13, 20, 2, 52.400002
12, 6, 2020, 13, 30, 3, 52.400002
12, 6, 2020, 13, 40, 2, 52.400002
12, 6, 2020, 13, 50, 3, 52.299999
12, 6, 2020, 14, 0, 3, 52.200001
12, 6, 2020, 14, 10, 2, 52.200001
12, 6, 2020, 14, 20, 3, 52.099998
12, 6, 2020, 14, 30, 3, 52.200001
12, 6, 2020, 14, 40, 2, 51.799999
12, 6, 2020, 14, 50, 6, 49.700001
12, 6, 2020, 15, 0, 2, 48.500000
12, 6, 2020, 15, 10, 3, 48.200001
12, 6, 2020, 15, 20, 5, 47.900002
12, 6, 2020, 15, 30, 3, 47.599998
12, 6, 2020, 15, 40, 3, 47.099998
12, 6, 2020, 15, 50, 2, 48.400002
12, 6, 2020, 16, 0, 3, 48.900002
12, 6, 2020, 16, 10, 3, 49.000000
12, 6, 2020, 16, 20, 2, 49.299999
12, 6, 2020, 16, 30, 3, 49.400002
12, 6, 2020, 16, 40, 3, 49.500000
12, 6, 2020, 16, 50, 2, 49.599998
12, 6, 2020, 17, 0, 3, 49.700001
12, 6, 2020, 17, 10, 3, 49.799999
12, 6, 2020, 17, 20, 2, 49.900002
12, 6, 2020, 17, 30, 3, 50.000000
12, 6, 2020, 17, 40, 3, 50.000000
12, 6, 2020, 17, 50, 2, 50.000000
12, 6, 2020, 18, 0, 3, 50.200001
12, 6, 2020, 18, 10, 2, 50.299999
12, 6, 2020, 18, 20, 3, 50.299999
12, 6, 2020, 18, 30, 3, 50.400002
12, 6, 2020, 18, 40, 2, 50.400002
12, 6, 2020, 18, 50, 3, 50.400002
12, 6, 2020, 19, 0, 3, 50.500000
12, 6, 2020, 19, 10, 2, 50.500000
12, 6, 2020, 19, 20, 3, 50.599998
12, 6, 2020, 19, 30, 3, 50.799999
12, 6, 2020, 19, 40, 2, 51.099998
12, 6, 2020, 19, 50, 3, 51.000000
12, 6, 2020, 20, 0, 3, 50.299999
12, 6, 2020, 20, 10, 2, 50.200001
12, 6, 2020, 20, 20, 3, 50.000000
12, 6, 2020, 20, 30, 3, 50.000000
12, 6, 2020, 20, 40, 2, 50.099998
12, 6, 2020, 20, 50, 3, 49.900002
12, 6, 2020, 21, 0, 3, 50.400002
12, 6, 2020, 21, 10, 2, 51.099998
12, 6, 2020, 21, 20, 3, 51.500000
12, 6, 2020, 21, 30, 3, 51.700001
12, 6, 2020, 21, 40, 5, 51.900002
12, 6, 2020, 21, 50, 5, 52.000000
12, 6, 2020, 22, 0, 3, 52.000000
12, 6, 2020, 22, 10, 2, 52.000000
12, 6, 2020, 22, 20, 6, 52.000000
12, 6, 2020, 22, 30, 2, 52.000000
12, 6, 2020, 22, 40, 3, 52.099998
12, 6, 2020, 22, 50, 3, 52.099998
12, 6, 2020, 23, 0, 2, 52.000000
12, 6, 2020, 23, 10, 3, 51.900002
12, 6, 2020, 23, 20, 3, 51.900002
12, 6, 2020, 23, 30, 2, 51.799999
12, 6, 2020, 23, 40, 3, 51.799999
12, 6, 2020, 23, 50, 3, 51.799999
13, 6, 2020, 0, 0, 2, 51.700001
13, 6, 2020, 0, 10, 3, 51.700001
13, 6, 2020, 0, 20, 3, 51.599998
13, 6, 2020, 0, 30, 2, 51.599998
13, 6, 2020, 0, 40, 2, 51.500000
13, 6, 2020, 0, 50, 3, 51.400002
13, 6, 2020, 1, 0, 2, 51.400002
13, 6, 2020, 1, 10, 5, 51.400002
13, 6, 2020, 1, 20, 2, 51.400002
13, 6, 2020, 1, 30, 3, 51.400002
13, 6, 2020, 1, 40, 3, 51.400002
13, 6, 2020, 1, 50, 2, 51.400002
13, 6, 2020, 2, 0, 3, 51.500000
13, 6, 2020, 2, 10, 3, 51.500000
13, 6, 2020, 2, 20, 2, 51.400002
13, 6, 2020, 2, 30, 3, 51.400002
13, 6, 2020, 2, 40, 3, 51.400002
13, 6, 2020, 2, 50, 2, 51.400002
13, 6, 2020, 3, 0, 3, 51.299999
13, 6, 2020, 3, 10, 8, 51.400002
13, 6, 2020, 3, 20, 2, 51.400002
13, 6, 2020, 3, 30, 3, 51.400002
13, 6, 2020, 3, 40, 3, 51.400002
13, 6, 2020, 3, 50, 2, 3302.500000
13, 6, 2020, 4, 0, 3, 51.400002
13, 6, 2020, 4, 10, 3, 51.400002
13, 6, 2020, 4, 20, 2, 51.500000
13, 6, 2020, 4, 30, 3, 51.599998
13, 6, 2020, 4, 40, 3, 51.700001
13, 6, 2020, 4, 50, 2, 51.700001
13, 6, 2020, 5, 0, 3, 51.599998
13, 6, 2020, 5, 10, 3, 51.599998
13, 6, 2020, 5, 20, 2, 51.500000
13, 6, 2020, 5, 30, 3, 51.700001
13, 6, 2020, 5, 40, 3, 51.700001
13, 6, 2020, 5, 50, 2, 51.799999
13, 6, 2020, 6, 0, 3, 51.700001
13, 6, 2020, 6, 10, 2, 51.799999
13, 6, 2020, 6, 20, 5, 51.900002
13, 6, 2020, 6, 30, 5, 51.900002
13, 6, 2020, 6, 40, 2, 51.500000
13, 6, 2020, 6, 50, 2, 51.500000
13, 6, 2020, 7, 0, 3, 51.799999
13, 6, 2020, 7, 10, 2, 51.700001
13, 6, 2020, 7, 20, 2, 52.599998
13, 6, 2020, 7, 30, 3, 52.000000
13, 6, 2020, 7, 40, 3, 51.000000
13, 6, 2020, 7, 50, 2, 51.000000
13, 6, 2020, 8, 0, 3, 50.700001
13, 6, 2020, 8, 10, 3, 50.400002
13, 6, 2020, 8, 20, 2, 50.400002
13, 6, 2020, 8, 30, 3, 50.299999
13, 6, 2020, 8, 40, 3, 50.299999
13, 6, 2020, 8, 50, 2, 50.000000
13, 6, 2020, 9, 0, 3, 49.500000
13, 6, 2020, 9, 10, 3, 48.900002
13, 6, 2020, 9, 20, 2, 49.000000
13, 6, 2020, 9, 30, 3, 49.000000
13, 6, 2020, 9, 40, 3, 48.299999
13, 6, 2020, 9, 50, 2, 48.000000
13, 6, 2020, 10, 0, 3, 48.000000
13, 6, 2020, 10, 10, 3, 47.799999
13, 6, 2020, 10, 20, 2, 47.400002
13, 6, 2020, 10, 30, 5, 47.200001
13, 6, 2020, 10, 40, 2, 46.500000
13, 6, 2020, 10, 50, 3, 46.599998
13, 6, 2020, 11, 0, 2, 46.799999
13, 6, 2020, 11, 10, 2, 46.599998
13, 6, 2020, 11, 20, 3, 46.700001
13, 6, 2020, 11, 30, 3, 46.900002
13, 6, 2020, 11, 40, 2, 46.799999
13, 6, 2020, 11, 50, 3, 46.900002
13, 6, 2020, 12, 0, 2, 46.799999
13, 6, 2020, 12, 10, 5, 47.099998
13, 6, 2020, 12, 20, 3, 47.099998
13, 6, 2020, 12, 30, 3, 46.900002
13, 6, 2020, 12, 40, 5, 46.599998
13, 6, 2020, 12, 50, 3, 46.400002
13, 6, 2020, 13, 0, 2, 46.000000
13, 6, 2020, 13, 10, 3, 46.200001
13, 6, 2020, 13, 20, 3, 46.000000
13, 6, 2020, 13, 30, 2, 46.400002
13, 6, 2020, 13, 40, 3, 46.500000
13, 6, 2020, 13, 50, 2, 46.400002
13, 6, 2020, 14, 0, 2, 46.400002
13, 6, 2020, 14, 10, 3, 46.400002
13, 6, 2020, 14, 20, 3, 46.400002
13, 6, 2020, 14, 30, 2, 46.500000
13, 6, 2020, 14, 40, 3, 46.500000
13, 6, 2020, 14, 50, 2, 46.400002
13, 6, 2020, 15, 0, 2, 46.099998
13, 6, 2020, 15, 10, 3, 46.099998
13, 6, 2020, 15, 20, 3, 46.400002
13, 6, 2020, 15, 30, 2, 46.400002
13, 6, 2020, 15, 40, 3, 46.400002
13, 6, 2020, 15, 50, 2, 47.599998
13, 6, 2020, 16, 0, 2, 49.099998
13, 6, 2020, 16, 10, 3, 50.599998
13, 6, 2020, 16, 20, 3, 50.900002
13, 6, 2020, 16, 30, 2, 51.299999
13, 6, 2020, 16, 40, 3, 51.200001
13, 6, 2020, 16, 50, 3, 51.900002
13, 6, 2020, 17, 0, 2, 3302.600098
13, 6, 2020, 17, 10, 3, 51.700001
13, 6, 2020, 17, 20, 3, 51.299999
13, 6, 2020, 17, 30, 7, 52.599998
13, 6, 2020, 17, 40, 3, 51.799999
13, 6, 2020, 17, 50, 3, 49.799999
13, 6, 2020, 18, 0, 2, 47.200001
13, 6, 2020, 18, 10, 2, 49.000000
13, 6, 2020, 18, 20, 3, 49.099998
13, 6, 2020, 18, 30, 3, 49.000000
13, 6, 2020, 18, 40, 2, 49.200001
13, 6, 2020, 18, 50, 6, 49.299999
13, 6, 2020, 19, 0, 5, 49.000000
13, 6, 2020, 19, 10, 2, 49.200001
13, 6, 2020, 19, 20, 2, 49.000000
13, 6, 2020, 19, 30, 3, 48.900002
13, 6, 2020, 19, 40, 3, 49.500000
13, 6, 2020, 19, 50, 2, 50.000000
13, 6, 2020, 20, 0, 3, 50.099998
13, 6, 2020, 20, 10, 3, 50.099998
13, 6, 2020, 20, 20, 2, 49.700001
13, 6, 2020, 20, 30, 3, 49.799999
13, 6, 2020, 20, 40, 3, 49.400002
13, 6, 2020, 20, 50, 5, 49.099998
13, 6, 2020, 21, 0, 2, 48.799999
13, 6, 2020, 21, 10, 2, 48.599998
13, 6, 2020, 21, 20, 3, 48.599998
13, 6, 2020, 21, 30, 2, 48.099998
13, 6, 2020, 21, 40, 5, 47.900002
13, 6, 2020, 21, 50, 2, 47.799999
13, 6, 2020, 22, 0, 3, 47.700001
13, 6, 2020, 22, 10, 3, 47.700001
13, 6, 2020, 22, 20, 2, 47.700001
13, 6, 2020, 22, 30, 3, 47.799999
13, 6, 2020, 22, 40, 3, 47.900002
13, 6, 2020, 22, 50, 2, 47.900002
13, 6, 2020, 23, 0, 3, 48.099998
13, 6, 2020, 23, 10, 3, 48.200001
13, 6, 2020, 23, 20, 5, 48.400002
13, 6, 2020, 23, 30, 3, 48.599998
13, 6, 2020, 23, 40, 2, 48.599998
13, 6, 2020, 23, 50, 3, 48.700001
14, 6, 2020, 0, 0, 3, 48.599998
14, 6, 2020, 0, 10, 5, 48.500000
14, 6, 2020, 0, 20, 2, 48.599998
14, 6, 2020, 0, 30, 3, 48.500000
14, 6, 2020, 0, 40, 3, 48.500000
14, 6, 2020, 0, 50, 2, 48.500000
14, 6, 2020, 1, 0, 3, 48.500000
14, 6, 2020, 1, 10, 2, 48.500000
14, 6, 2020, 1, 20, 2, 48.599998
14, 6, 2020, 1, 30, 3, 48.500000
14, 6, 2020, 1, 40, 3, 48.599998
14, 6, 2020, 1, 50, 2, 48.599998
14, 6, 2020, 2, 0, 3, 48.500000
14, 6, 2020, 2, 10, 2, 48.400002
14, 6, 2020, 2, 20, 2, 48.400002
14, 6, 2020, 2, 30, 3, 48.099998
14, 6, 2020, 2, 40, 3, 48.400002
14, 6, 2020, 2, 50, 2, 48.200001
14, 6, 2020, 3, 0, 3, 48.200001
14, 6, 2020, 3, 10, 3, 48.200001
14, 6, 2020, 3, 20, 2, 48.200001
14, 6, 2020, 3, 30, 3, 48.200001
14, 6, 2020, 3, 40, 3, 48.000000
14, 6, 2020, 3, 50, 5, 48.000000
14, 6, 2020, 4, 0, 2, 47.900002
14, 6, 2020, 4, 10, 3, 48.099998
14, 6, 2020, 4, 20, 3, 48.099998
14, 6, 2020, 4, 30, 2, 47.799999
14, 6, 2020, 4, 40, 2, 47.900002
14, 6, 2020, 4, 50, 5, 48.099998
14, 6, 2020, 5, 0, 3, 48.000000
14, 6, 2020, 5, 10, 3, 48.200001
14, 6, 2020, 5, 20, 2, 48.099998
14, 6, 2020, 5, 30, 8, 48.200001
14, 6, 2020, 5, 40, 3, 48.200001
14, 6, 2020, 5, 50, 2, 48.200001
14, 6, 2020, 6, 0, 3, 48.200001
14, 6, 2020, 6, 10, 2, 48.299999
14, 6, 2020, 6, 20, 5, 48.099998
14, 6, 2020, 6, 30, 2, 48.299999
14, 6, 2020, 6, 40, 3, 48.200001
14, 6, 2020, 6, 50, 3, 48.400002
14, 6, 2020, 7, 0, 3, 48.400002
14, 6, 2020, 7, 10, 2, 48.299999
14, 6, 2020, 7, 20, 2, 48.200001
14, 6, 2020, 7, 30, 3, 48.299999
14, 6, 2020, 7, 40, 2, 48.400002
14, 6, 2020, 7, 50, 3, 48.200001
14, 6, 2020, 8, 0, 3, 48.000000
14, 6, 2020, 8, 10, 2, 48.000000
14, 6, 2020, 8, 20, 5, 48.099998
14, 6, 2020, 8, 30, 2, 48.400002
14, 6, 2020, 8, 40, 3, 48.700001
14, 6, 2020, 8, 50, 3, 48.700001
14, 6, 2020, 9, 0, 2, 48.799999
14, 6, 2020, 9, 10, 3, 48.599998
14, 6, 2020, 9, 20, 3, 48.099998
14, 6, 2020, 9, 30, 2, 48.000000
14, 6, 2020, 9, 40, 3, 48.099998
14, 6, 2020, 9, 50, 3, 48.599998
14, 6, 2020, 10, 0, 2, 48.799999
14, 6, 2020, 10, 10, 3, 48.799999
14, 6, 2020, 10, 20, 3, 48.900002
14, 6, 2020, 10, 30, 2, 49.200001
14, 6, 2020, 10, 40, 2, 48.599998
14, 6, 2020, 10, 50, 5, 48.700001
14, 6, 2020, 11, 0, 3, 48.299999
14, 6, 2020, 11, 10, 3, 48.900002
14, 6, 2020, 11, 20, 2, 49.000000
14, 6, 2020, 11, 30, 3, 49.000000
14, 6, 2020, 11, 40, 3, 49.299999
14, 6, 2020, 11, 50, 2, 49.599998
14, 6, 2020, 12, 0, 5, 49.900002
14, 6, 2020, 12, 10, 3, 49.700001
14, 6, 2020, 12, 20, 2, 49.299999
14, 6, 2020, 12, 30, 3, 49.500000
14, 6, 2020, 12, 40, 5, 49.400002
14, 6, 2020, 12, 50, 3, 49.299999
14, 6, 2020, 13, 0, 2, 49.400002
14, 6, 2020, 13, 10, 5, 49.599998
14, 6, 2020, 13, 20, 2, 49.200001
14, 6, 2020, 13, 30, 3, 49.299999
14, 6, 2020, 13, 40, 3, 49.200001
14, 6, 2020, 13, 50, 2, 49.200001
14, 6, 2020, 14, 0, 3, 49.200001
14, 6, 2020, 14, 10, 3, 49.200001
14, 6, 2020, 14, 20, 2, 49.200001
14, 6, 2020, 14, 30, 3, 49.400002
14, 6, 2020, 14, 40, 3, 49.200001
14, 6, 2020, 14, 50, 2, 48.400002
14, 6, 2020, 15, 0, 3, 47.700001
14, 6, 2020, 15, 10, 3, 48.099998
14, 6, 2020, 15, 20, 5, 47.299999
14, 6, 2020, 15, 30, 5, 47.299999
14, 6, 2020, 15, 40, 3, 47.700001
14, 6, 2020, 15, 50, 2, 48.200001
14, 6, 2020, 16, 0, 3, 48.400002
14, 6, 2020, 16, 10, 5, 48.400002
14, 6, 2020, 16, 20, 5, 48.700001
14, 6, 2020, 16, 30, 2, 48.700001
14, 6, 2020, 16, 40, 3, 48.700001
14, 6, 2020, 16, 50, 2, 48.799999
14, 6, 2020, 17, 0, 2, 48.799999
14, 6, 2020, 17, 10, 3, 48.799999
14, 6, 2020, 17, 20, 3, 49.000000
14, 6, 2020, 17, 30, 2, 49.099998
14, 6, 2020, 17, 40, 3, 49.400002
14, 6, 2020, 17, 50, 3, 49.400002
14, 6, 2020, 18, 0, 2, 49.599998
14, 6, 2020, 18, 10, 2, 49.700001
14, 6, 2020, 18, 20, 3, 49.900002
14, 6, 2020, 18, 30, 5, 50.200001
14, 6, 2020, 18, 40, 3, 50.200001
14, 6, 2020, 18, 50, 3, 50.599998
14, 6, 2020, 19, 0, 5, 50.900002
14, 6, 2020, 19, 10, 2, 51.000000
14, 6, 2020, 19, 20, 2, 51.099998
14, 6, 2020, 19, 30, 3, 51.099998
14, 6, 2020, 19, 40, 2, 51.200001
14, 6, 2020, 19, 50, 5, 51.299999
14, 6, 2020, 20, 0, 2, 51.400002
14, 6, 2020, 20, 10, 3, 51.400002
14, 6, 2020, 20, 20, 3, 51.400002
14, 6, 2020, 20, 30, 2, 3302.500000
14, 6, 2020, 20, 40, 3, 51.700001
14, 6, 2020, 20, 50, 3, 51.500000
14, 6, 2020, 21, 0, 2, 51.400002
14, 6, 2020, 21, 10, 3, 51.200001
14, 6, 2020, 21, 20, 3, 51.400002
14, 6, 2020, 21, 30, 2, 51.900002
14, 6, 2020, 21, 40, 6, 52.000000
14, 6, 2020, 21, 50, 2, 52.000000
14, 6, 2020, 22, 0, 8, 52.299999
14, 6, 2020, 22, 10, 3, 52.299999
14, 6, 2020, 22, 20, 5, 52.299999
14, 6, 2020, 22, 30, 2, 52.400002
14, 6, 2020, 22, 40, 2, 52.400002
14, 6, 2020, 22, 50, 3, 52.299999
14, 6, 2020, 23, 0, 2, 3302.899902
14, 6, 2020, 23, 10, 2, 52.200001
14, 6, 2020, 23, 20, 3, 52.099998
14, 6, 2020, 23, 30, 5, 52.200001
14, 6, 2020, 23, 40, 3, 52.099998
14, 6, 2020, 23, 50, 2, 52.000000
15, 6, 2020, 0, 0, 3, 52.200001
15, 6, 2020, 0, 10, 3, 52.200001
15, 6, 2020, 0, 20, 3, 52.000000
15, 6, 2020, 0, 30, 2, 52.099998
15, 6, 2020, 0, 40, 3, 52.000000
15, 6, 2020, 0, 50, 3, 52.000000
15, 6, 2020, 1, 0, 2, 52.000000
15, 6, 2020, 1, 10, 3, 52.000000
15, 6, 2020, 1, 20, 3, 52.000000
15, 6, 2020, 1, 30, 2, 52.000000
15, 6, 2020, 1, 40, 2, 52.000000
15, 6, 2020, 1, 50, 3, 52.000000
15, 6, 2020, 2, 0, 5, 52.000000
15, 6, 2020, 2, 10, 3, 52.000000
15, 6, 2020, 2, 20, 2, 52.000000
15, 6, 2020, 2, 30, 3, 52.000000
15, 6, 2020, 2, 40, 3, 51.900002
15, 6, 2020, 2, 50, 2, 51.900002
15, 6, 2020, 3, 0, 3, 51.900002
15, 6, 2020, 3, 10, 3, 51.799999
15, 6, 2020, 3, 20, 7, 51.900002
15, 6, 2020, 3, 30, 3, 51.900002
15, 6, 2020, 3, 40, 3, 52.000000
15, 6, 2020, 3, 50, 2, 52.000000
15, 6, 2020, 4, 0, 3, 51.900002
15, 6, 2020, 4, 10, 3, 52.000000
15, 6, 2020, 4, 20, 2, 51.900002
15, 6, 2020, 4, 30, 3, 3302.699951
15, 6, 2020, 4, 40, 3, 51.799999
15, 6, 2020, 4, 50, 2, 51.799999
15, 6, 2020, 5, 0, 3, 51.799999
15, 6, 2020, 5, 10, 3, 51.799999
15, 6, 2020, 5, 20, 2, 51.799999
15, 6, 2020, 5, 30, 3, 51.799999
15, 6, 2020, 5, 40, 3, 51.799999
15, 6, 2020, 5, 50, 2, 51.799999
15, 6, 2020, 6, 0, 3, 52.000000
15, 6, 2020, 6, 10, 3, 52.500000
15, 6, 2020, 6, 20, 5, 52.700001
15, 6, 2020, 6, 30, 3, 52.500000
15, 6, 2020, 6, 40, 2, 3303.100098
15, 6, 2020, 6, 50, 3, 52.500000
15, 6, 2020, 7, 0, 3, 52.000000
15, 6, 2020, 7, 10, 2, 52.200001
15, 6, 2020, 7, 20, 2, 51.400002
15, 6, 2020, 7, 30, 3, 52.500000
15, 6, 2020, 7, 40, 2, 51.700001
15, 6, 2020, 7, 50, 3, 52.200001
15, 6, 2020, 8, 0, 3, 51.500000
15, 6, 2020, 8, 10, 2, 51.900002
15, 6, 2020, 8, 20, 2, 52.599998
15, 6, 2020, 8, 30, 3, 52.799999
15, 6, 2020, 8, 40, 2, 52.400002
15, 6, 2020, 8, 50, 3, 51.700001
15, 6, 2020, 9, 0, 3, 51.400002
15, 6, 2020, 9, 10, 2, 50.799999
15, 6, 2020, 9, 20, 3, 50.400002
15, 6, 2020, 9, 30, 8, 49.200001
15, 6, 2020, 9, 40, 8, 49.200001
15, 6, 2020, 9, 50, 2, 48.700001
15, 6, 2020, 10, 0, 3, 48.200001
15, 6, 2020, 10, 10, 3, 48.200001
15, 6, 2020, 10, 20, 2, 47.900002
15, 6, 2020, 10, 30, 5, 48.400002
15, 6, 2020, 10, 40, 3, 48.599998
15, 6, 2020, 10, 50, 3, 47.900002
15, 6, 2020, 11, 0, 2, 48.000000
15, 6, 2020, 11, 10, 3, 47.500000
15, 6, 2020, 11, 20, 3, 46.500000
15, 6, 2020, 11, 30, 2, 47.000000
15, 6, 2020, 11, 40, 3, 46.599998
15, 6, 2020, 11, 50, 3, 46.299999
15, 6, 2020, 12, 0, 2, 46.299999
15, 6, 2020, 12, 10, 2, 46.700001
15, 6, 2020, 12, 20, 2, 46.599998
15, 6, 2020, 12, 30, 3, 46.599998
15, 6, 2020, 12, 40, 5, 46.200001
15, 6, 2020, 12, 50, 3, 46.299999
15, 6, 2020, 13, 0, 2, 46.500000
15, 6, 2020, 13, 10, 3, 46.299999
15, 6, 2020, 13, 20, 3, 46.400002
15, 6, 2020, 13, 30, 2, 46.299999
15, 6, 2020, 13, 40, 2, 46.799999
15, 6, 2020, 13, 50, 3, 47.099998
15, 6, 2020, 14, 0, 2, 47.000000
15, 6, 2020, 14, 10, 3, 46.700001
15, 6, 2020, 14, 20, 3, 46.400002
15, 6, 2020, 14, 30, 2, 46.500000
15, 6, 2020, 14, 40, 5, 46.700001
15, 6, 2020, 14, 50, 2, 46.200001
15, 6, 2020, 15, 0, 3, 45.700001
15, 6, 2020, 15, 10, 3, 45.700001
15, 6, 2020, 15, 20, 2, 45.200001
15, 6, 2020, 15, 30, 3, 45.000000
15, 6, 2020, 15, 40, 3, 45.599998
15, 6, 2020, 15, 50, 2, 45.799999
15, 6, 2020, 16, 0, 3, 45.299999
15, 6, 2020, 16, 10, 3, 45.200001
15, 6, 2020, 16, 20, 2, 45.299999
15, 6, 2020, 16, 30, 3, 45.200001
15, 6, 2020, 16, 40, 3, 45.200001
15, 6, 2020, 16, 50, 2, 45.200001
15, 6, 2020, 17, 0, 3, 51.000000
15, 6, 2020, 17, 10, 3, 49.299999
15, 6, 2020, 17, 20, 2, 48.799999
15, 6, 2020, 17, 30, 3, 48.900002
15, 6, 2020, 17, 40, 3, 48.299999
15, 6, 2020, 17, 50, 2, 48.099998
15, 6, 2020, 18, 0, 3, 47.799999
15, 6, 2020, 18, 10, 2, 47.099998
15, 6, 2020, 18, 20, 3, 47.000000
15, 6, 2020, 18, 30, 2, 47.299999
15, 6, 2020, 18, 40, 2, 47.400002
15, 6, 2020, 18, 50, 5, 47.599998
15, 6, 2020, 19, 0, 3, 48.200001
15, 6, 2020, 19, 10, 5, 49.099998
15, 6, 2020, 19, 20, 3, 49.400002
15, 6, 2020, 19, 30, 3, 49.700001
15, 6, 2020, 19, 40, 2, 49.799999
15, 6, 2020, 19, 50, 3, 49.900002
15, 6, 2020, 20, 0, 3, 49.799999
15, 6, 2020, 20, 10, 2, 50.099998
15, 6, 2020, 20, 20, 3, 50.400002
15, 6, 2020, 20, 30, 3, 50.000000
15, 6, 2020, 20, 40, 2, 49.599998
15, 6, 2020, 20, 50, 3, 49.500000
15, 6, 2020, 21, 0, 2, 49.500000
15, 6, 2020, 21, 10, 2, 49.299999
15, 6, 2020, 21, 20, 3, 49.400002
15, 6, 2020, 21, 30, 3, 49.200001
15, 6, 2020, 21, 40, 2, 49.000000
15, 6, 2020, 21, 50, 3, 49.099998
15, 6, 2020, 22, 0, 3, 49.099998
15, 6, 2020, 22, 10, 2, 49.099998
15, 6, 2020, 22, 20, 3, 49.000000
15, 6, 2020, 22, 30, 5, 49.099998
15, 6, 2020, 22, 40, 3, 49.000000
15, 6, 2020, 22, 50, 2, 49.200001
15, 6, 2020, 23, 0, 3, 49.200001
15, 6, 2020, 23, 10, 3, 49.299999
15, 6, 2020, 23, 20, 5, 49.299999
15, 6, 2020, 23, 30, 3, 49.200001
15, 6, 2020, 23, 40, 2, 49.200001
15, 6, 2020, 23, 50, 3, 49.400002
16, 6, 2020, 0, 0, 3, 49.500000
16, 6, 2020, 0, 10, 3, 49.400002
16, 6, 2020, 0, 20, 2, 49.500000
16, 6, 2020, 0, 30, 3, 49.500000
16, 6, 2020, 0, 40, 3, 49.500000
16, 6, 2020, 0, 50, 2, 49.400002
16, 6, 2020, 1, 0, 3, 49.400002
16, 6, 2020, 1, 10, 3, 49.500000
16, 6, 2020, 1, 20, 2, 49.900002
16, 6, 2020, 1, 30, 3, 50.099998
16, 6, 2020, 1, 40, 3, 50.299999
16, 6, 2020, 1, 50, 2, 50.599998
16, 6, 2020, 2, 0, 3, 50.599998
16, 6, 2020, 2, 10, 2, 50.799999
16, 6, 2020, 2, 20, 2, 50.900002
16, 6, 2020, 2, 30, 3, 50.900002
16, 6, 2020, 2, 40, 2, 50.799999
16, 6, 2020, 2, 50, 5, 51.099998
16, 6, 2020, 3, 0, 2, 51.200001
16, 6, 2020, 3, 10, 3, 51.700001
16, 6, 2020, 3, 20, 3, 52.099998
16, 6, 2020, 3, 30, 2, 52.099998
16, 6, 2020, 3, 40, 2, 52.299999
16, 6, 2020, 3, 50, 3, 52.400002
16, 6, 2020, 4, 0, 2, 52.400002
16, 6, 2020, 4, 10, 2, 52.299999
16, 6, 2020, 4, 20, 3, 52.099998
16, 6, 2020, 4, 30, 2, 52.000000
16, 6, 2020, 4, 40, 2, 52.299999
16, 6, 2020, 4, 50, 3, 52.200001
16, 6, 2020, 5, 0, 2, 52.299999
16, 6, 2020, 5, 10, 2, 52.500000
16, 6, 2020, 5, 20, 3, 52.700001
16, 6, 2020, 5, 30, 2, 52.599998
16, 6, 2020, 5, 40, 2, 52.900002
16, 6, 2020, 5, 50, 3, 52.700001
16, 6, 2020, 6, 0, 2, 52.700001
16, 6, 2020, 6, 10, 3, 52.799999
16, 6, 2020, 6, 20, 2, 53.099998
16, 6, 2020, 6, 30, 3, 53.200001
16, 6, 2020, 6, 40, 2, 53.599998
16, 6, 2020, 6, 50, 3, 53.900002
16, 6, 2020, 7, 0, 2, 54.000000
16, 6, 2020, 7, 10, 2, 54.500000
16, 6, 2020, 7, 20, 3, 54.400002
16, 6, 2020, 7, 30, 2, 54.400002
16, 6, 2020, 7, 40, 2, 54.500000
16, 6, 2020, 7, 50, 3, 54.500000
16, 6, 2020, 8, 0, 2, 54.599998
16, 6, 2020, 8, 10, 2, 54.700001
16, 6, 2020, 8, 20, 3, 55.099998
16, 6, 2020, 8, 30, 2, 55.099998
16, 6, 2020, 8, 40, 2, 55.200001
16, 6, 2020, 8, 50, 3, 55.200001
16, 6, 2020, 9, 0, 2, 55.200001
16, 6, 2020, 9, 10, 7, 54.900002
16, 6, 2020, 9, 20, 3, 54.700001
16, 6, 2020, 9, 30, 3, 54.400002
16, 6, 2020, 9, 40, 7, 54.599998
16, 6, 2020, 9, 50, 3, 54.299999
16, 6, 2020, 10, 0, 5, 53.900002
16, 6, 2020, 10, 10, 3, 53.500000
16, 6, 2020, 10, 20, 2, 54.000000
16, 6, 2020, 10, 30, 2, 53.700001
16, 6, 2020, 10, 40, 3, 53.599998
16, 6, 2020, 10, 50, 2, 53.599998
16, 6, 2020, 11, 0, 3, 53.500000
16, 6, 2020, 11, 10, 3, 53.400002
16, 6, 2020, 11, 20, 2, 53.400002
16, 6, 2020, 11, 30, 2, 53.400002
16, 6, 2020, 11, 40, 3, 53.299999
16, 6, 2020, 11, 50, 2, 53.400002
16, 6, 2020, 12, 0, 3, 53.299999
16, 6, 2020, 12, 10, 5, 53.500000
16, 6, 2020, 12, 20, 2, 53.599998
16, 6, 2020, 12, 30, 3, 54.200001
16, 6, 2020, 12, 40, 3, 54.200001
16, 6, 2020, 12, 50, 2, 54.299999
16, 6, 2020, 13, 0, 3, 54.400002
16, 6, 2020, 13, 10, 3, 54.400002
16, 6, 2020, 13, 20, 2, 54.400002
16, 6, 2020, 13, 30, 3, 54.400002
16, 6, 2020, 13, 40, 5, 54.500000
16, 6, 2020, 13, 50, 3, 54.599998
16, 6, 2020, 14, 0, 2, 55.400002
16, 6, 2020, 14, 10, 2, 56.299999
16, 6, 2020, 14, 20, 3, 57.299999
16, 6, 2020, 14, 30, 5, 58.200001
16, 6, 2020, 14, 40, 5, 56.900002
16, 6, 2020, 14, 50, 3, 57.099998
16, 6, 2020, 15, 0, 3, 57.099998
16, 6, 2020, 15, 10, 2, 57.099998
16, 6, 2020, 15, 20, 3, 56.799999
16, 6, 2020, 15, 30, 3, 56.700001
16, 6, 2020, 15, 40, 2, 56.400002
16, 6, 2020, 15, 50, 3, 56.299999
16, 6, 2020, 16, 0, 2, 56.400002
16, 6, 2020, 16, 10, 2, 56.000000
16, 6, 2020, 16, 20, 3, 56.299999
16, 6, 2020, 16, 30, 5, 56.099998
16, 6, 2020, 16, 40, 3, 56.299999
16, 6, 2020, 16, 50, 2, 56.400002
16, 6, 2020, 17, 0, 6, 56.099998
16, 6, 2020, 17, 10, 2, 56.099998
16, 6, 2020, 17, 20, 3, 55.900002
16, 6, 2020, 17, 30, 3, 56.000000
16, 6, 2020, 17, 40, 2, 56.200001
16, 6, 2020, 17, 50, 3, 56.299999
16, 6, 2020, 18, 0, 3, 56.200001
16, 6, 2020, 18, 10, 3, 56.200001
16, 6, 2020, 18, 20, 3, 56.299999
16, 6, 2020, 18, 30, 2, 56.099998
16, 6, 2020, 18, 40, 3, 55.799999
16, 6, 2020, 18, 50, 3, 55.400002
16, 6, 2020, 19, 0, 2, 55.900002
16, 6, 2020, 19, 10, 3, 55.799999
16, 6, 2020, 19, 20, 3, 55.900002
16, 6, 2020, 19, 30, 2, 56.000000
16, 6, 2020, 19, 40, 3, 56.099998
16, 6, 2020, 19, 50, 3, 56.099998
16, 6, 2020, 20, 0, 2, 56.299999
16, 6, 2020, 20, 10, 3, 56.299999
16, 6, 2020, 20, 20, 3, 56.400002
16, 6, 2020, 20, 30, 2, 56.299999
16, 6, 2020, 20, 40, 3, 56.400002
16, 6, 2020, 20, 50, 3, 56.500000
16, 6, 2020, 21, 0, 2, 56.200001
16, 6, 2020, 21, 10, 3, 56.200001
16, 6, 2020, 21, 20, 3, 56.200001
16, 6, 2020, 21, 30, 2, 56.200001
16, 6, 2020, 21, 40, 3, 56.000000
16, 6, 2020, 21, 50, 2, 56.099998
16, 6, 2020, 22, 0, 2, 56.099998
16, 6, 2020, 22, 10, 3, 56.099998
16, 6, 2020, 22, 20, 3, 56.000000
16, 6, 2020, 22, 30, 2, 55.900002
16, 6, 2020, 22, 40, 3, 55.900002
16, 6, 2020, 22, 50, 2, 55.799999
16, 6, 2020, 23, 0, 5, 55.900002
16, 6, 2020, 23, 10, 2, 55.700001
16, 6, 2020, 23, 20, 3, 55.700001
16, 6, 2020, 23, 30, 3, 55.599998
16, 6, 2020, 23, 40, 2, 55.599998
16, 6, 2020, 23, 50, 3, 55.599998
17, 6, 2020, 0, 0, 3, 55.500000
17, 6, 2020, 0, 10, 3, 55.400002
17, 6, 2020, 0, 20, 3, 55.299999
17, 6, 2020, 0, 30, 2, 55.299999
17, 6, 2020, 0, 40, 3, 55.299999
17, 6, 2020, 0, 50, 3, 55.200001
17, 6, 2020, 1, 0, 2, 55.099998
17, 6, 2020, 1, 10, 3, 55.099998
17, 6, 2020, 1, 20, 3, 55.099998
17, 6, 2020, 1, 30, 2, 55.099998
17, 6, 2020, 1, 40, 3, 55.000000
17, 6, 2020, 1, 50, 5, 55.099998
17, 6, 2020, 2, 0, 10, 55.000000
17, 6, 2020, 2, 10, 3, 54.799999
17, 6, 2020, 2, 20, 3, 54.900002
17, 6, 2020, 2, 30, 2, 54.900002
17, 6, 2020, 2, 40, 3, 54.900002
17, 6, 2020, 2, 50, 5, 3304.100098
17, 6, 2020, 3, 0, 3, 54.799999
17, 6, 2020, 3, 10, 2, 54.700001
17, 6, 2020, 3, 20, 2, 54.700001
17, 6, 2020, 3, 30, 3, 54.700001
17, 6, 2020, 3, 40, 3, 54.700001
17, 6, 2020, 3, 50, 2, 54.799999
17, 6, 2020, 4, 0, 3, 55.000000
17, 6, 2020, 4, 10, 2, 55.099998
17, 6, 2020, 4, 20, 2, 55.000000
17, 6, 2020, 4, 30, 3, 55.000000
17, 6, 2020, 4, 40, 2, 55.000000
17, 6, 2020, 4, 50, 2, 54.799999
17, 6, 2020, 5, 0, 3, 54.799999
17, 6, 2020, 5, 10, 2, 54.700001
17, 6, 2020, 5, 20, 2, 54.599998
17, 6, 2020, 5, 30, 3, 54.500000
17, 6, 2020, 5, 40, 2, 54.500000
17, 6, 2020, 5, 50, 2, 54.400002
17, 6, 2020, 6, 0, 3, 54.400002
17, 6, 2020, 6, 10, 2, 54.400002
17, 6, 2020, 6, 20, 3, 54.299999
17, 6, 2020, 6, 30, 5, 54.400002
17, 6, 2020, 6, 40, 5, 54.500000
17, 6, 2020, 6, 50, 3, 54.400002
17, 6, 2020, 7, 0, 2, 54.500000
17, 6, 2020, 7, 10, 3, 55.000000
17, 6, 2020, 7, 20, 5, 55.099998
17, 6, 2020, 7, 30, 3, 54.099998
17, 6, 2020, 7, 40, 3, 54.000000
17, 6, 2020, 7, 50, 2, 53.799999
17, 6, 2020, 8, 0, 3, 53.799999
17, 6, 2020, 8, 10, 2, 53.799999
17, 6, 2020, 8, 20, 2, 54.700001
17, 6, 2020, 8, 30, 3, 53.200001
17, 6, 2020, 8, 40, 2, 52.400002
17, 6, 2020, 8, 50, 2, 52.200001
17, 6, 2020, 9, 0, 3, 51.900002
17, 6, 2020, 9, 10, 2, 51.500000
17, 6, 2020, 9, 20, 2, 51.799999
17, 6, 2020, 9, 30, 3, 51.200001
17, 6, 2020, 9, 40, 2, 51.599998
17, 6, 2020, 9, 50, 3, 51.500000
17, 6, 2020, 10, 0, 3, 51.299999
17, 6, 2020, 10, 10, 2, 51.099998
17, 6, 2020, 10, 20, 2, 50.599998
17, 6, 2020, 10, 30, 3, 50.700001
17, 6, 2020, 10, 40, 2, 49.900002
17, 6, 2020, 10, 50, 3, 51.000000
17, 6, 2020, 11, 0, 3, 50.700001
17, 6, 2020, 11, 10, 2, 50.700001
17, 6, 2020, 11, 20, 3, 50.599998
17, 6, 2020, 11, 30, 3, 50.500000
17, 6, 2020, 11, 40, 2, 50.400002
17, 6, 2020, 11, 50, 3, 50.500000
17, 6, 2020, 12, 0, 3, 50.200001
17, 6, 2020, 12, 10, 2, 49.599998
17, 6, 2020, 12, 20, 3, 50.200001
17, 6, 2020, 12, 30, 2, 50.200001
17, 6, 2020, 12, 40, 2, 50.000000
17, 6, 2020, 12, 50, 5, 50.500000
17, 6, 2020, 13, 0, 5, 51.099998
17, 6, 2020, 13, 10, 2, 51.299999
17, 6, 2020, 13, 20, 3, 51.599998
17, 6, 2020, 13, 30, 2, 51.900002
17, 6, 2020, 13, 40, 2, 51.900002
17, 6, 2020, 13, 50, 3, 52.299999
17, 6, 2020, 14, 0, 2, 52.500000
17, 6, 2020, 14, 10, 2, 53.099998
17, 6, 2020, 14, 20, 3, 53.200001
17, 6, 2020, 14, 30, 2, 53.500000
17, 6, 2020, 14, 40, 5, 53.700001
17, 6, 2020, 14, 50, 2, 53.799999
17, 6, 2020, 15, 0, 3, 53.700001
17, 6, 2020, 15, 10, 3, 54.000000
17, 6, 2020, 15, 20, 2, 53.900002
17, 6, 2020, 15, 30, 3, 53.900002
17, 6, 2020, 15, 40, 3, 53.799999
17, 6, 2020, 15, 50, 2, 53.700001
17, 6, 2020, 16, 0, 3, 53.700001
17, 6, 2020, 16, 10, 3, 53.799999
17, 6, 2020, 16, 20, 2, 53.799999
17, 6, 2020, 16, 30, 3, 53.799999
17, 6, 2020, 16, 40, 3, 53.799999
17, 6, 2020, 16, 50, 2, 53.799999
17, 6, 2020, 17, 0, 3, 53.700001
17, 6, 2020, 17, 10, 3, 53.700001
17, 6, 2020, 17, 20, 2, 53.700001
17, 6, 2020, 17, 30, 3, 53.700001
17, 6, 2020, 17, 40, 3, 53.700001
17, 6, 2020, 17, 50, 2, 53.700001
17, 6, 2020, 18, 0, 3, 53.700001
17, 6, 2020, 18, 10, 3, 53.700001
17, 6, 2020, 18, 20, 2, 53.700001
17, 6, 2020, 18, 30, 3, 3303.600098
17, 6, 2020, 18, 40, 3, 53.299999
17, 6, 2020, 18, 50, 2, 52.799999
17, 6, 2020, 19, 0, 3, 53.000000
17, 6, 2020, 19, 10, 3, 53.799999
17, 6, 2020, 19, 20, 2, 53.200001
17, 6, 2020, 19, 30, 3, 52.700001
17, 6, 2020, 19, 40, 3, 52.799999
17, 6, 2020, 19, 50, 2, 53.099998
17, 6, 2020, 20, 0, 5, 53.000000
17, 6, 2020, 20, 10, 5, 53.200001
17, 6, 2020, 20, 20, 2, 52.900002
17, 6, 2020, 20, 30, 3, 52.799999
17, 6, 2020, 20, 40, 3, 53.299999
17, 6, 2020, 20, 50, 2, 53.200001
17, 6, 2020, 21, 0, 3, 53.200001
17, 6, 2020, 21, 10, 3, 53.200001
17, 6, 2020, 21, 20, 2, 53.099998
17, 6, 2020, 21, 30, 3, 53.000000
17, 6, 2020, 21, 40, 3, 53.000000
17, 6, 2020, 21, 50, 2, 53.000000
17, 6, 2020, 22, 0, 5, 53.200001
17, 6, 2020, 22, 10, 2, 53.099998
17, 6, 2020, 22, 20, 3, 53.099998
17, 6, 2020, 22, 30, 5, 53.000000
17, 6, 2020, 22, 40, 3, 53.000000
17, 6, 2020, 22, 50, 2, 53.000000
17, 6, 2020, 23, 0, 3, 53.000000
17, 6, 2020, 23, 10, 3, 53.000000
17, 6, 2020, 23, 20, 5, 53.000000
17, 6, 2020, 23, 30, 3, 53.099998
17, 6, 2020, 23, 40, 2, 53.200001
17, 6, 2020, 23, 50, 3, 53.299999
18, 6, 2020, 0, 0, 3, 53.400002
18, 6, 2020, 0, 10, 5, 53.400002
18, 6, 2020, 0, 20, 2, 53.299999
18, 6, 2020, 0, 30, 3, 53.299999
18, 6, 2020, 0, 40, 2, 53.400002
18, 6, 2020, 0, 50, 2, 53.400002
18, 6, 2020, 1, 0, 3, 53.400002
18, 6, 2020, 1, 10, 2, 53.700001
18, 6, 2020, 1, 20, 2, 53.900002
18, 6, 2020, 1, 30, 3, 53.799999
18, 6, 2020, 1, 40, 2, 53.700001
18, 6, 2020, 1, 50, 2, 53.700001
18, 6, 2020, 2, 0, 3, 53.599998
18, 6, 2020, 2, 10, 2, 53.599998
18, 6, 2020, 2, 20, 2, 53.700001
18, 6, 2020, 2, 30, 3, 53.500000
18, 6, 2020, 2, 40, 2, 53.599998
18, 6, 2020, 2, 50, 3, 53.500000
18, 6, 2020, 3, 0, 3, 53.400002
18, 6, 2020, 3, 10, 2, 53.400002
18, 6, 2020, 3, 20, 2, 53.299999
18, 6, 2020, 3, 30, 3, 53.200001
18, 6, 2020, 3, 40, 2, 53.200001
18, 6, 2020, 3, 50, 3, 53.200001
18, 6, 2020, 4, 0, 3, 53.099998
18, 6, 2020, 4, 10, 2, 53.099998
18, 6, 2020, 4, 20, 2, 53.099998
18, 6, 2020, 4, 30, 3, 53.299999
18, 6, 2020, 4, 40, 5, 53.299999
18, 6, 2020, 4, 50, 3, 53.299999
18, 6, 2020, 5, 0, 2, 53.299999
18, 6, 2020, 5, 10, 3, 53.599998
18, 6, 2020, 5, 20, 3, 53.500000
18, 6, 2020, 5, 30, 2, 53.500000
18, 6, 2020, 5, 40, 3, 53.500000
18, 6, 2020, 5, 50, 3, 53.799999
18, 6, 2020, 6, 0, 2, 53.700001
18, 6, 2020, 6, 10, 3, 53.599998
18, 6, 2020, 6, 20, 2, 53.700001
18, 6, 2020, 6, 30, 3, 53.599998
18, 6, 2020, 6, 40, 2, 53.599998
18, 6, 2020, 6, 50, 3, 53.599998
18, 6, 2020, 7, 0, 3, 53.599998
18, 6, 2020, 7, 10, 2, 53.700001
18, 6, 2020, 7, 20, 3, 53.700001
18, 6, 2020, 7, 30, 3, 53.799999
18, 6, 2020, 7, 40, 2, 53.900002
18, 6, 2020, 7, 50, 3, 53.700001
18, 6, 2020, 8, 0, 3, 53.799999
18, 6, 2020, 8, 10, 2, 53.799999
18, 6, 2020, 8, 20, 3, 53.900002
18, 6, 2020, 8, 30, 3, 53.500000
18, 6, 2020, 8, 40, 2, 53.099998
18, 6, 2020, 8, 50, 3, 53.099998
18, 6, 2020, 9, 0, 5, 53.299999
18, 6, 2020, 9, 10, 3, 53.299999
18, 6, 2020, 9, 20, 2, 52.900002
18, 6, 2020, 9, 30, 2, 52.599998
18, 6, 2020, 9, 40, 3, 52.200001
18, 6, 2020, 9, 50, 2, 52.200001
18, 6, 2020, 10, 0, 3, 52.200001
18, 6, 2020, 10, 10, 3, 52.200001
18, 6, 2020, 10, 20, 2, 52.299999
18, 6, 2020, 10, 30, 2, 51.900002
18, 6, 2020, 10, 40, 3, 52.000000
18, 6, 2020, 10, 50, 2, 52.200001
18, 6, 2020, 11, 0, 3, 52.000000
18, 6, 2020, 11, 10, 3, 51.000000
18, 6, 2020, 11, 20, 2, 50.799999
18, 6, 2020, 11, 30, 3, 50.900002
18, 6, 2020, 11, 40, 3, 51.500000
18, 6, 2020, 11, 50, 3, 51.400002
18, 6, 2020, 12, 0, 3, 51.599998
18, 6, 2020, 12, 10, 2, 51.500000
18, 6, 2020, 12, 20, 2, 51.700001
18, 6, 2020, 12, 30, 3, 51.500000
18, 6, 2020, 12, 40, 2, 51.599998
18, 6, 2020, 12, 50, 3, 51.900002
18, 6, 2020, 13, 0, 3, 52.000000
18, 6, 2020, 13, 10, 2, 52.400002
18, 6, 2020, 13, 20, 2, 52.799999
18, 6, 2020, 13, 30, 3, 53.299999
18, 6, 2020, 13, 40, 2, 53.400002
18, 6, 2020, 13, 50, 3, 53.500000
18, 6, 2020, 14, 0, 3, 53.599998
18, 6, 2020, 14, 10, 2, 54.400002
18, 6, 2020, 14, 20, 6, 54.299999
18, 6, 2020, 14, 30, 2, 53.000000
18, 6, 2020, 14, 40, 3, 53.099998
18, 6, 2020, 14, 50, 5, 53.099998
18, 6, 2020, 15, 0, 3, 53.200001
18, 6, 2020, 15, 10, 2, 52.799999
18, 6, 2020, 15, 20, 5, 53.000000
18, 6, 2020, 15, 30, 5, 52.900002
18, 6, 2020, 15, 40, 3, 52.099998
18, 6, 2020, 15, 50, 2, 52.400002
18, 6, 2020, 16, 0, 3, 52.599998
18, 6, 2020, 16, 10, 5, 52.599998
18, 6, 2020, 16, 20, 3, 52.799999
18, 6, 2020, 16, 30, 2, 52.799999
18, 6, 2020, 16, 40, 2, 52.500000
18, 6, 2020, 16, 50, 3, 52.200001
18, 6, 2020, 17, 0, 2, 52.099998
18, 6, 2020, 17, 10, 2, 52.099998
18, 6, 2020, 17, 20, 3, 52.200001
18, 6, 2020, 17, 30, 7, 52.700001
18, 6, 2020, 17, 40, 2, 53.200001
18, 6, 2020, 17, 50, 3, 53.099998
18, 6, 2020, 18, 0, 2, 52.900002
18, 6, 2020, 18, 10, 2, 52.599998
18, 6, 2020, 18, 20, 3, 52.599998
18, 6, 2020, 18, 30, 3, 52.700001
18, 6, 2020, 18, 40, 2, 52.900002
18, 6, 2020, 18, 50, 3, 53.500000
18, 6, 2020, 19, 0, 3, 53.900002
18, 6, 2020, 19, 10, 2, 53.900002
18, 6, 2020, 19, 20, 2, 53.400002
18, 6, 2020, 19, 30, 3, 53.599998
18, 6, 2020, 19, 40, 5, 53.500000
18, 6, 2020, 19, 50, 3, 53.700001
18, 6, 2020, 20, 0, 2, 53.700001
18, 6, 2020, 20, 10, 3, 53.900002
18, 6, 2020, 20, 20, 3, 54.099998
18, 6, 2020, 20, 30, 2, 54.299999
18, 6, 2020, 20, 40, 3, 54.299999
18, 6, 2020, 20, 50, 3, 54.400002
18, 6, 2020, 21, 0, 2, 54.400002
18, 6, 2020, 21, 10, 3, 54.599998
18, 6, 2020, 21, 20, 3, 54.700001
18, 6, 2020, 21, 30, 5, 54.799999
18, 6, 2020, 21, 40, 2, 55.000000
18, 6, 2020, 21, 50, 2, 55.000000
18, 6, 2020, 22, 0, 3, 55.099998
18, 6, 2020, 22, 10, 2, 55.099998
18, 6, 2020, 22, 20, 2, 55.099998
18, 6, 2020, 22, 30, 3, 54.900002
18, 6, 2020, 22, 40, 2, 55.099998
18, 6, 2020, 22, 50, 3, 55.299999
18, 6, 2020, 23, 0, 3, 55.200001
18, 6, 2020, 23, 10, 2, 55.299999
18, 6, 2020, 23, 20, 3, 55.400002
18, 6, 2020, 23, 30, 3, 55.200001
18, 6, 2020, 23, 40, 2, 55.299999
18, 6, 2020, 23, 50, 3, 55.299999
19, 6, 2020, 0, 0, 3, 55.299999
19, 6, 2020, 0, 10, 2, 55.299999
19, 6, 2020, 0, 20, 6, 55.400002
19, 6, 2020, 0, 30, 2, 55.200001
19, 6, 2020, 0, 40, 3, 55.200001
19, 6, 2020, 0, 50, 3, 55.400002
19, 6, 2020, 1, 0, 2, 55.500000
19, 6, 2020, 1, 10, 3, 55.500000
19, 6, 2020, 1, 20, 3, 55.500000
19, 6, 2020, 1, 30, 2, 55.500000
19, 6, 2020, 1, 40, 5, 55.400002
19, 6, 2020, 1, 50, 2, 55.299999
19, 6, 2020, 2, 0, 3, 55.400002
19, 6, 2020, 2, 10, 2, 55.299999
19, 6, 2020, 2, 20, 5, 55.500000
19, 6, 2020, 2, 30, 2, 55.500000
19, 6, 2020, 2, 40, 3, 55.500000
19, 6, 2020, 2, 50, 5, 55.599998
19, 6, 2020, 3, 0, 3, 55.299999
19, 6, 2020, 3, 10, 2, 55.299999
19, 6, 2020, 3, 20, 2, 55.200001
19, 6, 2020, 3, 30, 3, 55.400002
19, 6, 2020, 3, 40, 2, 55.299999
19, 6, 2020, 3, 50, 2, 55.299999
19, 6, 2020, 4, 0, 3, 55.400002
19, 6, 2020, 4, 10, 2, 55.400002
19, 6, 2020, 4, 20, 2, 55.299999
19, 6, 2020, 4, 30, 3, 55.299999
19, 6, 2020, 4, 40, 2, 55.299999
19, 6, 2020, 4, 50, 2, 55.200001
19, 6, 2020, 5, 0, 3, 55.200001
19, 6, 2020, 5, 10, 2, 55.200001
19, 6, 2020, 5, 20, 2, 55.200001
19, 6, 2020, 5, 30, 3, 55.299999
19, 6, 2020, 5, 40, 2, 55.299999
19, 6, 2020, 5, 50, 3, 55.299999
19, 6, 2020, 6, 0, 3, 55.200001
19, 6, 2020, 6, 10, 5, 55.799999
19, 6, 2020, 6, 20, 2, 55.599998
19, 6, 2020, 6, 30, 3, 55.700001
19, 6, 2020, 6, 40, 2, 56.299999
19, 6, 2020, 6, 50, 3, 56.700001
19, 6, 2020, 7, 0, 2, 57.299999
19, 6, 2020, 7, 10, 2, 56.799999
19, 6, 2020, 7, 20, 3, 56.900002
19, 6, 2020, 7, 30, 3, 56.700001
19, 6, 2020, 7, 40, 2, 57.000000
19, 6, 2020, 7, 50, 3, 57.700001
19, 6, 2020, 8, 0, 2, 58.099998
19, 6, 2020, 8, 10, 2, 58.099998
19, 6, 2020, 8, 20, 3, 57.400002
19, 6, 2020, 8, 30, 3, 57.500000
19, 6, 2020, 8, 40, 2, 57.500000
19, 6, 2020, 8, 50, 3, 57.200001
19, 6, 2020, 9, 0, 2, 57.400002
19, 6, 2020, 9, 10, 2, 57.299999
19, 6, 2020, 9, 20, 3, 57.400002
19, 6, 2020, 9, 30, 2, 57.000000
19, 6, 2020, 9, 40, 2, 57.000000
19, 6, 2020, 9, 50, 3, 56.900002
19, 6, 2020, 10, 0, 2, 56.799999
19, 6, 2020, 10, 10, 2, 56.599998
19, 6, 2020, 10, 20, 3, 56.299999
19, 6, 2020, 10, 30, 2, 56.400002
19, 6, 2020, 10, 40, 2, 56.099998
19, 6, 2020, 10, 50, 3, 56.000000
19, 6, 2020, 11, 0, 2, 55.700001
19, 6, 2020, 11, 10, 3, 55.599998
19, 6, 2020, 11, 20, 3, 55.799999
19, 6, 2020, 11, 30, 2, 55.500000
19, 6, 2020, 11, 40, 2, 55.400002
19, 6, 2020, 11, 50, 3, 55.599998
19, 6, 2020, 12, 0, 2, 55.799999
19, 6, 2020, 12, 10, 3, 56.500000
19, 6, 2020, 12, 20, 3, 56.500000
19, 6, 2020, 12, 30, 2, 56.700001
19, 6, 2020, 12, 40, 3, 56.900002
19, 6, 2020, 12, 50, 2, 57.000000
19, 6, 2020, 13, 0, 2, 56.700001
19, 6, 2020, 13, 10, 3, 56.900002
19, 6, 2020, 13, 20, 3, 56.799999
19, 6, 2020, 13, 30, 5, 56.799999
19, 6, 2020, 13, 40, 2, 56.599998
19, 6, 2020, 13, 50, 3, 56.599998
19, 6, 2020, 14, 0, 3, 56.299999
19, 6, 2020, 14, 10, 2, 56.299999
19, 6, 2020, 14, 20, 2, 56.200001
19, 6, 2020, 14, 30, 3, 56.200001
19, 6, 2020, 14, 40, 2, 56.000000
19, 6, 2020, 14, 50, 2, 56.000000
19, 6, 2020, 15, 0, 5, 56.000000
19, 6, 2020, 15, 10, 5, 55.799999
19, 6, 2020, 15, 20, 2, 55.799999
19, 6, 2020, 15, 30, 3, 55.700001
19, 6, 2020, 15, 40, 2, 55.500000
19, 6, 2020, 15, 50, 3, 55.299999
19, 6, 2020, 16, 0, 3, 55.200001
19, 6, 2020, 16, 10, 2, 55.000000
19, 6, 2020, 16, 20, 7, 55.000000
19, 6, 2020, 16, 30, 3, 55.200001
19, 6, 2020, 16, 40, 2, 55.299999
19, 6, 2020, 16, 50, 3, 55.200001
19, 6, 2020, 17, 0, 3, 55.500000
19, 6, 2020, 17, 10, 2, 55.400002
19, 6, 2020, 17, 20, 2, 55.599998
19, 6, 2020, 17, 30, 3, 55.200001
19, 6, 2020, 17, 40, 2, 55.700001
19, 6, 2020, 17, 50, 3, 56.000000
19, 6, 2020, 18, 0, 3, 57.099998
19, 6, 2020, 18, 10, 3, 57.299999
19, 6, 2020, 18, 20, 2, 57.500000
19, 6, 2020, 18, 30, 3, 57.799999
19, 6, 2020, 18, 40, 3, 57.700001
19, 6, 2020, 18, 50, 5, 57.799999
19, 6, 2020, 19, 0, 5, 58.000000
19, 6, 2020, 19, 10, 3, 58.000000
19, 6, 2020, 19, 20, 2, 57.799999
19, 6, 2020, 19, 30, 2, 57.900002
19, 6, 2020, 19, 40, 5, 58.000000
19, 6, 2020, 19, 50, 3, 57.700001
19, 6, 2020, 20, 0, 3, 58.099998
19, 6, 2020, 20, 10, 2, 57.900002
19, 6, 2020, 20, 20, 3, 58.000000
19, 6, 2020, 20, 30, 3, 59.000000
19, 6, 2020, 20, 40, 2, 58.599998
19, 6, 2020, 20, 50, 3, 59.099998
19, 6, 2020, 21, 0, 3, 58.799999
19, 6, 2020, 21, 10, 2, 58.900002
19, 6, 2020, 21, 20, 3, 58.799999
19, 6, 2020, 21, 30, 3, 59.299999
19, 6, 2020, 21, 40, 2, 59.400002
19, 6, 2020, 21, 50, 3, 59.200001
19, 6, 2020, 22, 0, 3, 59.799999
19, 6, 2020, 22, 10, 2, 59.299999
19, 6, 2020, 22, 20, 3, 59.000000
19, 6, 2020, 22, 30, 3, 59.200001
19, 6, 2020, 22, 40, 2, 59.299999
19, 6, 2020, 22, 50, 3, 59.099998
19, 6, 2020, 23, 0, 3, 59.000000
19, 6, 2020, 23, 10, 2, 59.000000
19, 6, 2020, 23, 20, 3, 59.099998
19, 6, 2020, 23, 30, 3, 58.900002
19, 6, 2020, 23, 40, 2, 59.099998
19, 6, 2020, 23, 50, 3, 58.900002
20, 6, 2020, 0, 0, 3, 59.000000
20, 6, 2020, 0, 10, 2, 58.900002
20, 6, 2020, 0, 20, 3, 58.900002
20, 6, 2020, 0, 30, 2, 58.900002
20, 6, 2020, 0, 40, 2, 58.799999
20, 6, 2020, 0, 50, 3, 58.799999
20, 6, 2020, 1, 0, 2, 58.900002
20, 6, 2020, 1, 10, 5, 58.900002
20, 6, 2020, 1, 20, 5, 59.000000
20, 6, 2020, 1, 30, 3, 58.900002
20, 6, 2020, 1, 40, 5, 59.000000
20, 6, 2020, 1, 50, 2, 59.000000
20, 6, 2020, 2, 0, 3, 59.400002
20, 6, 2020, 2, 10, 3, 59.299999
20, 6, 2020, 2, 20, 2, 59.500000
20, 6, 2020, 2, 30, 3, 59.200001
20, 6, 2020, 2, 40, 3, 59.299999
20, 6, 2020, 2, 50, 2, 59.700001
20, 6, 2020, 3, 0, 3, 59.599998
20, 6, 2020, 3, 10, 3, 59.500000
20, 6, 2020, 3, 20, 2, 59.299999
20, 6, 2020, 3, 30, 5, 59.200001
20, 6, 2020, 3, 40, 2, 59.099998
20, 6, 2020, 3, 50, 3, 58.900002
20, 6, 2020, 4, 0, 2, 59.000000
20, 6, 2020, 4, 10, 2, 58.799999
20, 6, 2020, 4, 20, 3, 58.799999
20, 6, 2020, 4, 30, 2, 58.500000
20, 6, 2020, 4, 40, 5, 58.400002
20, 6, 2020, 4, 50, 2, 58.099998
20, 6, 2020, 5, 0, 3, 58.200001
20, 6, 2020, 5, 10, 3, 58.000000
20, 6, 2020, 5, 20, 2, 58.000000
20, 6, 2020, 5, 30, 3, 57.900002
20, 6, 2020, 5, 40, 3, 57.799999
20, 6, 2020, 5, 50, 2, 57.900002
20, 6, 2020, 6, 0, 3, 58.099998
20, 6, 2020, 6, 10, 3, 57.500000
20, 6, 2020, 6, 20, 5, 57.599998
20, 6, 2020, 6, 30, 2, 57.799999
20, 6, 2020, 6, 40, 3, 57.400002
20, 6, 2020, 6, 50, 3, 57.599998
20, 6, 2020, 7, 0, 2, 57.200001
20, 6, 2020, 7, 10, 6, 57.000000
20, 6, 2020, 7, 20, 2, 56.900002
20, 6, 2020, 7, 30, 3, 56.900002
20, 6, 2020, 7, 40, 3, 56.900002
20, 6, 2020, 7, 50, 2, 55.200001
20, 6, 2020, 8, 0, 3, 55.400002
20, 6, 2020, 8, 10, 2, 55.900002
20, 6, 2020, 8, 20, 2, 55.099998
20, 6, 2020, 8, 30, 3, 57.400002
20, 6, 2020, 8, 40, 3, 56.799999
20, 6, 2020, 8, 50, 2, 57.799999
20, 6, 2020, 9, 0, 3, 57.599998
20, 6, 2020, 9, 10, 3, 57.700001
20, 6, 2020, 9, 20, 2, 58.200001
20, 6, 2020, 9, 30, 3, 58.200001
20, 6, 2020, 9, 40, 3, 57.599998
20, 6, 2020, 9, 50, 2, 57.200001
20, 6, 2020, 10, 0, 3, 57.700001
20, 6, 2020, 10, 10, 3, 57.000000
20, 6, 2020, 10, 20, 2, 55.799999
20, 6, 2020, 10, 30, 3, 55.299999
20, 6, 2020, 10, 40, 8, 55.400002
20, 6, 2020, 10, 50, 5, 53.599998
20, 6, 2020, 11, 0, 2, 52.400002
20, 6, 2020, 11, 10, 2, 52.700001
20, 6, 2020, 11, 20, 3, 52.200001
20, 6, 2020, 11, 30, 5, 51.900002
20, 6, 2020, 11, 40, 5, 52.200001
20, 6, 2020, 11, 50, 3, 52.400002
20, 6, 2020, 12, 0, 2, 52.400002
20, 6, 2020, 12, 10, 3, 52.299999
20, 6, 2020, 12, 20, 2, 52.700001
20, 6, 2020, 12, 30, 2, 52.799999
20, 6, 2020, 12, 40, 3, 52.200001
20, 6, 2020, 12, 50, 2, 52.599998
20, 6, 2020, 13, 0, 3, 53.099998
20, 6, 2020, 13, 10, 3, 53.299999
20, 6, 2020, 13, 20, 2, 53.900002
20, 6, 2020, 13, 30, 3, 53.799999
20, 6, 2020, 13, 40, 3, 53.799999
20, 6, 2020, 13, 50, 5, 54.099998
20, 6, 2020, 14, 0, 3, 54.099998
20, 6, 2020, 14, 10, 2, 54.299999
20, 6, 2020, 14, 20, 3, 54.700001
20, 6, 2020, 14, 30, 3, 55.599998
20, 6, 2020, 14, 40, 2, 57.099998
20, 6, 2020, 14, 50, 3, 57.400002
20, 6, 2020, 15, 0, 3, 57.299999
20, 6, 2020, 15, 10, 2, 56.200001
20, 6, 2020, 15, 20, 3, 56.200001
20, 6, 2020, 15, 30, 3, 55.799999
20, 6, 2020, 15, 40, 2, 56.799999
20, 6, 2020, 15, 50, 3, 56.700001
20, 6, 2020, 16, 0, 3, 56.099998
20, 6, 2020, 16, 10, 5, 56.299999
20, 6, 2020, 16, 20, 2, 56.500000
20, 6, 2020, 16, 30, 2, 56.500000
20, 6, 2020, 16, 40, 3, 56.299999
20, 6, 2020, 16, 50, 2, 55.700001
20, 6, 2020, 17, 0, 2, 56.000000
20, 6, 2020, 17, 10, 3, 55.900002
20, 6, 2020, 17, 20, 2, 56.400002
20, 6, 2020, 17, 30, 2, 56.200001
20, 6, 2020, 17, 40, 3, 56.500000
20, 6, 2020, 17, 50, 2, 56.200001
20, 6, 2020, 18, 0, 3, 56.700001
20, 6, 2020, 18, 10, 3, 55.200001
20, 6, 2020, 18, 20, 3, 53.200001
20, 6, 2020, 18, 30, 2, 53.500000
20, 6, 2020, 18, 40, 3, 53.900002
20, 6, 2020, 18, 50, 3, 53.500000
20, 6, 2020, 19, 0, 2, 54.099998
20, 6, 2020, 19, 10, 3, 54.200001
20, 6, 2020, 19, 20, 3, 54.299999
20, 6, 2020, 19, 30, 2, 56.000000
20, 6, 2020, 19, 40, 3, 55.799999
20, 6, 2020, 19, 50, 2, 55.799999
20, 6, 2020, 20, 0, 2, 56.200001
20, 6, 2020, 20, 10, 3, 56.599998
20, 6, 2020, 20, 20, 3, 56.799999
20, 6, 2020, 20, 30, 2, 56.900002
20, 6, 2020, 20, 40, 3, 57.000000
20, 6, 2020, 20, 50, 3, 57.099998
20, 6, 2020, 21, 0, 2, 57.200001
20, 6, 2020, 21, 10, 3, 57.299999
20, 6, 2020, 21, 20, 3, 57.799999
20, 6, 2020, 21, 30, 5, 57.099998
20, 6, 2020, 21, 40, 2, 57.299999
20, 6, 2020, 21, 50, 3, 56.799999
20, 6, 2020, 22, 0, 3, 57.000000
20, 6, 2020, 22, 10, 2, 57.099998
20, 6, 2020, 22, 20, 3, 56.700001
20, 6, 2020, 22, 30, 3, 56.400002
20, 6, 2020, 22, 40, 2, 56.200001
20, 6, 2020, 22, 50, 3, 56.299999
20, 6, 2020, 23, 0, 3, 56.099998
20, 6, 2020, 23, 10, 2, 56.299999
20, 6, 2020, 23, 20, 3, 56.200001
20, 6, 2020, 23, 30, 3, 56.000000
20, 6, 2020, 23, 40, 5, 56.299999
20, 6, 2020, 23, 50, 3, 56.000000
21, 6, 2020, 0, 0, 2, 55.900002
21, 6, 2020, 0, 10, 2, 55.500000
21, 6, 2020, 0, 20, 2, 55.500000
21, 6, 2020, 0, 30, 3, 55.400002
21, 6, 2020, 0, 40, 2, 55.299999
21, 6, 2020, 0, 50, 3, 54.700001
21, 6, 2020, 1, 0, 3, 54.700001
21, 6, 2020, 1, 10, 2, 54.599998
21, 6, 2020, 1, 20, 2, 54.200001
21, 6, 2020, 1, 30, 3, 54.299999
21, 6, 2020, 1, 40, 2, 54.200001
21, 6, 2020, 1, 50, 3, 53.599998
21, 6, 2020, 2, 0, 3, 52.799999
21, 6, 2020, 2, 10, 2, 52.700001
21, 6, 2020, 2, 20, 3, 52.500000
21, 6, 2020, 2, 30, 3, 51.799999
21, 6, 2020, 2, 40, 2, 51.099998
21, 6, 2020, 2, 50, 3, 50.900002
21, 6, 2020, 3, 0, 3, 50.900002
21, 6, 2020, 3, 10, 2, 50.700001
21, 6, 2020, 3, 20, 2, 49.700001
21, 6, 2020, 3, 30, 3, 49.900002
21, 6, 2020, 3, 40, 2, 49.599998
21, 6, 2020, 3, 50, 2, 49.400002
21, 6, 2020, 4, 0, 3, 49.599998
21, 6, 2020, 4, 10, 2, 49.500000
21, 6, 2020, 4, 20, 2, 49.299999
21, 6, 2020, 4, 30, 3, 49.299999
21, 6, 2020, 4, 40, 2, 48.900002
21, 6, 2020, 4, 50, 2, 48.700001
21, 6, 2020, 5, 0, 3, 48.200001
21, 6, 2020, 5, 10, 2, 48.299999
21, 6, 2020, 5, 20, 2, 48.700001
21, 6, 2020, 5, 30, 3, 48.700001
21, 6, 2020, 5, 40, 2, 48.599998
21, 6, 2020, 5, 50, 3, 48.900002
21, 6, 2020, 6, 0, 3, 49.400002
21, 6, 2020, 6, 10, 2, 49.700001
21, 6, 2020, 6, 20, 3, 49.900002
21, 6, 2020, 6, 30, 2, 50.299999
21, 6, 2020, 6, 40, 3, 50.000000
21, 6, 2020, 6, 50, 3, 50.500000
21, 6, 2020, 7, 0, 2, 50.500000
21, 6, 2020, 7, 10, 2, 50.299999
21, 6, 2020, 7, 20, 3, 50.099998
21, 6, 2020, 7, 30, 3, 49.900002
21, 6, 2020, 7, 40, 2, 49.700001
21, 6, 2020, 7, 50, 3, 49.500000
21, 6, 2020, 8, 0, 3, 48.500000
21, 6, 2020, 8, 10, 5, 48.900002
21, 6, 2020, 8, 20, 2, 49.700001
21, 6, 2020, 8, 30, 2, 49.400002
21, 6, 2020, 8, 40, 3, 49.200001
21, 6, 2020, 8, 50, 2, 49.500000
21, 6, 2020, 9, 0, 3, 49.799999
21, 6, 2020, 9, 10, 3, 49.799999
21, 6, 2020, 9, 20, 2, 50.599998
21, 6, 2020, 9, 30, 2, 50.700001
21, 6, 2020, 9, 40, 3, 51.200001
21, 6, 2020, 9, 50, 2, 51.299999
21, 6, 2020, 10, 0, 2, 53.200001
21, 6, 2020, 10, 10, 3, 52.599998
21, 6, 2020, 10, 20, 2, 51.299999
21, 6, 2020, 10, 30, 2, 48.200001
21, 6, 2020, 10, 40, 3, 46.099998
21, 6, 2020, 10, 50, 2, 42.599998
21, 6, 2020, 11, 0, 3, 41.400002
21, 6, 2020, 11, 10, 3, 41.500000
21, 6, 2020, 11, 20, 2, 40.799999
21, 6, 2020, 11, 30, 2, 41.599998
21, 6, 2020, 11, 40, 3, 41.500000
21, 6, 2020, 11, 50, 2, 41.299999
21, 6, 2020, 12, 0, 2, 40.799999
21, 6, 2020, 12, 10, 3, 40.400002
21, 6, 2020, 12, 20, 3, 40.500000
21, 6, 2020, 12, 30, 2, 41.299999
21, 6, 2020, 12, 40, 5, 40.799999
21, 6, 2020, 12, 50, 2, 41.599998
21, 6, 2020, 13, 0, 3, 41.000000
21, 6, 2020, 13, 10, 3, 40.900002
21, 6, 2020, 13, 20, 2, 40.599998
21, 6, 2020, 13, 30, 3, 41.400002
21, 6, 2020, 13, 40, 3, 41.299999
21, 6, 2020, 13, 50, 2, 41.200001
21, 6, 2020, 14, 0, 3, 42.099998
21, 6, 2020, 14, 10, 3, 42.099998
21, 6, 2020, 14, 20, 2, 42.400002
21, 6, 2020, 14, 30, 3, 42.500000
21, 6, 2020, 14, 40, 3, 43.299999
21, 6, 2020, 14, 50, 2, 43.500000
21, 6, 2020, 15, 0, 3, 43.000000
21, 6, 2020, 15, 10, 3, 42.200001
21, 6, 2020, 15, 20, 2, 43.599998
21, 6, 2020, 15, 30, 3, 40.700001
21, 6, 2020, 15, 40, 3, 34.700001
21, 6, 2020, 15, 50, 2, 35.000000
21, 6, 2020, 16, 0, 3, 33.700001
21, 6, 2020, 16, 10, 5, 33.500000
21, 6, 2020, 16, 20, 3, 33.000000
21, 6, 2020, 16, 30, 2, 33.400002
21, 6, 2020, 16, 40, 2, 34.099998
21, 6, 2020, 16, 50, 3, 34.099998
21, 6, 2020, 17, 0, 2, 33.400002
21, 6, 2020, 17, 10, 2, 34.000000
21, 6, 2020, 17, 20, 3, 34.400002
21, 6, 2020, 17, 30, 2, 35.299999
21, 6, 2020, 17, 40, 2, 35.500000
21, 6, 2020, 17, 50, 3, 35.799999
21, 6, 2020, 18, 0, 2, 36.099998
21, 6, 2020, 18, 10, 2, 35.799999
21, 6, 2020, 18, 20, 3, 36.299999
21, 6, 2020, 18, 30, 2, 37.000000
21, 6, 2020, 18, 40, 2, 37.400002
21, 6, 2020, 18, 50, 3, 36.900002
21, 6, 2020, 19, 0, 2, 37.299999
21, 6, 2020, 19, 10, 2, 37.200001
21, 6, 2020, 19, 20, 3, 37.099998
21, 6, 2020, 19, 30, 2, 37.500000
21, 6, 2020, 19, 40, 2, 37.700001
21, 6, 2020, 19, 50, 3, 38.099998
21, 6, 2020, 20, 0, 2, 38.400002
21, 6, 2020, 20, 10, 2, 38.200001
21, 6, 2020, 20, 20, 5, 38.200001
21, 6, 2020, 20, 30, 5, 37.799999
21, 6, 2020, 20, 40, 2, 37.900002
21, 6, 2020, 20, 50, 3, 38.900002
21, 6, 2020, 21, 0, 2, 39.099998
21, 6, 2020, 21, 10, 2, 39.000000
21, 6, 2020, 21, 20, 3, 39.000000
21, 6, 2020, 21, 30, 3, 38.599998
21, 6, 2020, 21, 40, 2, 38.700001
21, 6, 2020, 21, 50, 3, 39.700001
21, 6, 2020, 22, 0, 3, 38.400002
21, 6, 2020, 22, 10, 2, 39.000000
21, 6, 2020, 22, 20, 3, 39.200001
21, 6, 2020, 22, 30, 3, 39.500000
21, 6, 2020, 22, 40, 2, 39.099998
21, 6, 2020, 22, 50, 3, 39.599998
21, 6, 2020, 23, 0, 5, 39.700001
21, 6, 2020, 23, 10, 3, 39.599998
21, 6, 2020, 23, 20, 5, 39.799999
21, 6, 2020, 23, 30, 2, 39.400002
21, 6, 2020, 23, 40, 2, 39.599998
21, 6, 2020, 23, 50, 3, 39.400002
22, 6, 2020, 0, 0, 2, 39.799999
22, 6, 2020, 0, 10, 5, 39.299999
22, 6, 2020, 0, 20, 3, 39.700001
22, 6, 2020, 0, 30, 5, 40.099998
22, 6, 2020, 0, 40, 3, 39.900002
22, 6, 2020, 0, 50, 2, 40.099998
22, 6, 2020, 1, 0, 5, 40.200001
22, 6, 2020, 1, 10, 2, 40.200001
22, 6, 2020, 1, 20, 3, 40.000000
22, 6, 2020, 1, 30, 3, 39.799999
22, 6, 2020, 1, 40, 2, 39.700001
22, 6, 2020, 1, 50, 5, 39.799999
22, 6, 2020, 2, 0, 3, 39.500000
22, 6, 2020, 2, 10, 3, 39.700001
22, 6, 2020, 2, 20, 2, 39.700001
22, 6, 2020, 2, 30, 2, 39.799999
22, 6, 2020, 2, 40, 3, 40.400002
22, 6, 2020, 2, 50, 2, 40.599998
22, 6, 2020, 3, 0, 2, 40.599998
22, 6, 2020, 3, 10, 3, 41.099998
22, 6, 2020, 3, 20, 3, 41.599998
22, 6, 2020, 3, 30, 2, 41.599998
22, 6, 2020, 3, 40, 3, 41.500000
22, 6, 2020, 3, 50, 3, 41.700001
22, 6, 2020, 4, 0, 2, 41.700001
22, 6, 2020, 4, 10, 3, 42.200001
22, 6, 2020, 4, 20, 3, 42.599998
22, 6, 2020, 4, 30, 2, 42.599998
22, 6, 2020, 4, 40, 3, 42.500000
22, 6, 2020, 4, 50, 2, 42.599998
22, 6, 2020, 5, 0, 2, 42.700001
22, 6, 2020, 5, 10, 3, 43.000000
22, 6, 2020, 5, 20, 3, 44.000000
22, 6, 2020, 5, 30, 5, 44.799999
22, 6, 2020, 5, 40, 2, 44.299999
22, 6, 2020, 5, 50, 3, 44.599998
22, 6, 2020, 6, 0, 3, 44.799999
22, 6, 2020, 6, 10, 3, 44.599998
22, 6, 2020, 6, 20, 5, 46.000000
22, 6, 2020, 6, 30, 3, 44.599998
22, 6, 2020, 6, 40, 2, 44.500000
22, 6, 2020, 6, 50, 2, 44.099998
22, 6, 2020, 7, 0, 3, 44.500000
22, 6, 2020, 7, 10, 2, 45.200001
22, 6, 2020, 7, 20, 2, 44.700001
22, 6, 2020, 7, 30, 3, 43.799999
22, 6, 2020, 7, 40, 2, 44.299999
22, 6, 2020, 7, 50, 2, 45.000000
22, 6, 2020, 8, 0, 3, 45.099998
22, 6, 2020, 8, 10, 2, 45.200001
22, 6, 2020, 8, 20, 2, 45.200001
22, 6, 2020, 8, 30, 3, 44.799999
22, 6, 2020, 8, 40, 2, 45.000000
22, 6, 2020, 8, 50, 2, 44.700001
22, 6, 2020, 9, 0, 3, 44.299999
22, 6, 2020, 9, 10, 2, 44.299999
22, 6, 2020, 9, 20, 2, 44.299999
22, 6, 2020, 9, 30, 3, 44.000000
22, 6, 2020, 9, 40, 3, 43.200001
22, 6, 2020, 9, 50, 2, 42.799999
22, 6, 2020, 10, 0, 3, 43.200001
22, 6, 2020, 10, 10, 2, 43.400002
22, 6, 2020, 10, 20, 2, 42.599998
22, 6, 2020, 10, 30, 3, 42.799999
22, 6, 2020, 10, 40, 3, 41.900002
22, 6, 2020, 10, 50, 2, 40.000000
22, 6, 2020, 11, 0, 3, 39.299999
22, 6, 2020, 11, 10, 2, 37.700001
22, 6, 2020, 11, 20, 2, 37.200001
22, 6, 2020, 11, 30, 3, 36.900002
22, 6, 2020, 11, 40, 5, 36.099998
22, 6, 2020, 11, 50, 5, 35.299999
22, 6, 2020, 12, 0, 3, 34.799999
22, 6, 2020, 12, 10, 3, 35.200001
22, 6, 2020, 12, 20, 3, 35.000000
22, 6, 2020, 12, 30, 2, 35.599998
22, 6, 2020, 12, 40, 3, 36.500000
22, 6, 2020, 12, 50, 3, 35.900002
22, 6, 2020, 13, 0, 2, 35.500000
22, 6, 2020, 13, 10, 3, 35.200001
22, 6, 2020, 13, 20, 3, 36.200001
22, 6, 2020, 13, 30, 5, 37.400002
22, 6, 2020, 13, 40, 2, 37.900002
22, 6, 2020, 13, 50, 3, 38.500000
22, 6, 2020, 14, 0, 3, 40.400002
22, 6, 2020, 14, 10, 2, 41.299999
22, 6, 2020, 14, 20, 2, 41.799999
22, 6, 2020, 14, 30, 3, 42.500000
22, 6, 2020, 14, 40, 2, 43.299999
22, 6, 2020, 14, 50, 3, 43.599998
22, 6, 2020, 15, 0, 3, 44.299999
22, 6, 2020, 15, 10, 2, 44.200001
22, 6, 2020, 15, 20, 5, 44.299999
22, 6, 2020, 15, 30, 2, 44.299999
22, 6, 2020, 15, 40, 3, 44.099998
22, 6, 2020, 15, 50, 3, 44.299999
22, 6, 2020, 16, 0, 2, 44.200001
22, 6, 2020, 16, 10, 3, 44.400002
22, 6, 2020, 16, 20, 3, 44.299999
22, 6, 2020, 16, 30, 5, 45.000000
22, 6, 2020, 16, 40, 3, 46.400002
22, 6, 2020, 16, 50, 2, 45.799999
22, 6, 2020, 17, 0, 5, 45.599998
22, 6, 2020, 17, 10, 2, 46.200001
22, 6, 2020, 17, 20, 3, 46.400002
22, 6, 2020, 17, 30, 2, 46.700001
22, 6, 2020, 17, 40, 2, 46.900002
22, 6, 2020, 17, 50, 3, 47.200001
22, 6, 2020, 18, 0, 2, 47.400002
22, 6, 2020, 18, 10, 3, 47.400002
22, 6, 2020, 18, 20, 3, 48.299999
22, 6, 2020, 18, 30, 2, 48.299999
22, 6, 2020, 18, 40, 3, 48.900002
22, 6, 2020, 18, 50, 3, 49.000000
22, 6, 2020, 19, 0, 5, 49.799999
22, 6, 2020, 19, 10, 2, 49.599998
22, 6, 2020, 19, 20, 2, 49.599998
22, 6, 2020, 19, 30, 3, 50.000000
22, 6, 2020, 19, 40, 2, 50.799999
22, 6, 2020, 19, 50, 5, 51.000000
22, 6, 2020, 20, 0, 2, 51.299999
22, 6, 2020, 20, 10, 3, 51.700001
22, 6, 2020, 20, 20, 5, 51.599998
22, 6, 2020, 20, 30, 3, 51.500000
22, 6, 2020, 20, 40, 3, 51.700001
22, 6, 2020, 20, 50, 2, 51.900002
22, 6, 2020, 21, 0, 3, 51.700001
22, 6, 2020, 21, 10, 2, 51.799999
22, 6, 2020, 21, 20, 2, 51.799999
22, 6, 2020, 21, 30, 3, 51.900002
22, 6, 2020, 21, 40, 2, 51.799999
22, 6, 2020, 21, 50, 2, 51.599998
22, 6, 2020, 22, 0, 3, 51.500000
22, 6, 2020, 22, 10, 2, 51.799999
22, 6, 2020, 22, 20, 2, 51.299999
22, 6, 2020, 22, 30, 3, 51.799999
22, 6, 2020, 22, 40, 2, 51.700001
22, 6, 2020, 22, 50, 2, 51.500000
22, 6, 2020, 23, 0, 3, 51.200001
22, 6, 2020, 23, 10, 2, 51.299999
22, 6, 2020, 23, 20, 2, 51.299999
22, 6, 2020, 23, 30, 3, 51.200001
22, 6, 2020, 23, 40, 3, 51.000000
22, 6, 2020, 23, 50, 2, 51.400002
23, 6, 2020, 0, 0, 3, 51.099998
23, 6, 2020, 0, 10, 2, 50.900002
23, 6, 2020, 0, 20, 2, 51.000000
23, 6, 2020, 0, 30, 3, 50.700001
23, 6, 2020, 0, 40, 2, 51.000000
23, 6, 2020, 0, 50, 2, 51.599998
23, 6, 2020, 1, 0, 3, 51.500000
23, 6, 2020, 1, 10, 2, 51.200001
23, 6, 2020, 1, 20, 2, 50.900002
23, 6, 2020, 1, 30, 3, 51.299999
23, 6, 2020, 1, 40, 2, 51.400002
23, 6, 2020, 1, 50, 2, 51.400002
23, 6, 2020, 2, 0, 3, 51.400002
23, 6, 2020, 2, 10, 2, 51.700001
23, 6, 2020, 2, 20, 2, 51.400002
23, 6, 2020, 2, 30, 3, 51.200001
23, 6, 2020, 2, 40, 2, 51.400002
23, 6, 2020, 2, 50, 2, 51.599998
23, 6, 2020, 3, 0, 3, 51.400002
23, 6, 2020, 3, 10, 2, 51.500000
23, 6, 2020, 3, 20, 2, 51.599998
23, 6, 2020, 3, 30, 3, 51.299999
23, 6, 2020, 3, 40, 5, 51.299999
23, 6, 2020, 3, 50, 3, 51.200001
23, 6, 2020, 4, 0, 2, 51.200001
23, 6, 2020, 4, 10, 3, 51.099998
23, 6, 2020, 4, 20, 3, 51.299999
23, 6, 2020, 4, 30, 2, 51.099998
23, 6, 2020, 4, 40, 3, 51.200001
23, 6, 2020, 4, 50, 3, 51.299999
23, 6, 2020, 5, 0, 2, 51.299999
23, 6, 2020, 5, 10, 6, 51.400002
23, 6, 2020, 5, 20, 2, 51.400002
23, 6, 2020, 5, 30, 3, 51.099998
23, 6, 2020, 5, 40, 3, 51.500000
23, 6, 2020, 5, 50, 2, 51.799999
23, 6, 2020, 6, 0, 3, 51.900002
23, 6, 2020, 6, 10, 3, 51.500000
23, 6, 2020, 6, 20, 2, 52.000000
23, 6, 2020, 6, 30, 3, 52.099998
23, 6, 2020, 6, 40, 2, 52.099998
23, 6, 2020, 6, 50, 2, 50.599998
23, 6, 2020, 7, 0, 3, 49.400002
23, 6, 2020, 7, 10, 2, 49.599998
23, 6, 2020, 7, 20, 5, 50.299999
23, 6, 2020, 7, 30, 2, 50.299999
23, 6, 2020, 7, 40, 3, 49.400002
23, 6, 2020, 7, 50, 3, 49.400002
23, 6, 2020, 8, 0, 2, 49.299999
23, 6, 2020, 8, 10, 3, 49.299999
23, 6, 2020, 8, 20, 3, 48.900002
23, 6, 2020, 8, 30, 5, 49.099998
23, 6, 2020, 8, 40, 2, 49.200001
23, 6, 2020, 8, 50, 2, 49.599998
23, 6, 2020, 9, 0, 5, 50.099998
23, 6, 2020, 9, 10, 3, 50.500000
23, 6, 2020, 9, 20, 3, 50.700001
23, 6, 2020, 9, 30, 2, 50.200001
23, 6, 2020, 9, 40, 3, 49.900002
23, 6, 2020, 9, 50, 3, 49.400002
23, 6, 2020, 10, 0, 2, 49.200001
23, 6, 2020, 10, 10, 3, 49.400002
23, 6, 2020, 10, 20, 3, 49.700001
23, 6, 2020, 10, 30, 2, 49.400002
23, 6, 2020, 10, 40, 6, 49.500000
23, 6, 2020, 10, 50, 2, 49.400002
23, 6, 2020, 11, 0, 3, 49.299999
23, 6, 2020, 11, 10, 3, 49.299999
23, 6, 2020, 11, 20, 2, 49.000000
23, 6, 2020, 11, 30, 3, 48.900002
23, 6, 2020, 11, 40, 3, 48.400002
23, 6, 2020, 11, 50, 2, 48.500000
23, 6, 2020, 12, 0, 3, 48.700001
23, 6, 2020, 12, 10, 2, 48.599998
23, 6, 2020, 12, 20, 3, 48.900002
23, 6, 2020, 12, 30, 2, 48.500000
23, 6, 2020, 12, 40, 5, 48.099998
23, 6, 2020, 12, 50, 7, 47.500000
23, 6, 2020, 13, 0, 3, 47.099998
23, 6, 2020, 13, 10, 3, 47.299999
23, 6, 2020, 13, 20, 2, 47.299999
23, 6, 2020, 13, 30, 3, 47.099998
23, 6, 2020, 13, 40, 3, 47.099998
23, 6, 2020, 13, 50, 2, 46.500000
23, 6, 2020, 14, 0, 3, 46.000000
23, 6, 2020, 14, 10, 3, 45.700001
23, 6, 2020, 14, 20, 2, 47.000000
23, 6, 2020, 14, 30, 2, 47.200001
23, 6, 2020, 14, 40, 3, 47.200001
23, 6, 2020, 14, 50, 2, 47.200001
23, 6, 2020, 15, 0, 2, 47.400002
23, 6, 2020, 15, 10, 3, 47.400002
23, 6, 2020, 15, 20, 2, 47.400002
23, 6, 2020, 15, 30, 2, 47.299999
23, 6, 2020, 15, 40, 3, 47.099998
23, 6, 2020, 15, 50, 2, 47.400002
23, 6, 2020, 16, 0, 2, 47.400002
23, 6, 2020, 16, 10, 3, 47.400002
23, 6, 2020, 16, 20, 2, 47.200001
23, 6, 2020, 16, 30, 2, 47.099998
23, 6, 2020, 16, 40, 3, 47.000000
23, 6, 2020, 16, 50, 2, 47.200001
23, 6, 2020, 17, 0, 2, 47.000000
23, 6, 2020, 17, 10, 3, 47.099998
23, 6, 2020, 17, 20, 3, 47.099998
23, 6, 2020, 17, 30, 2, 47.200001
23, 6, 2020, 17, 40, 3, 47.299999
23, 6, 2020, 17, 50, 2, 47.400002
23, 6, 2020, 18, 0, 5, 47.500000
23, 6, 2020, 18, 10, 2, 47.700001
23, 6, 2020, 18, 20, 3, 47.900002
23, 6, 2020, 18, 30, 2, 48.099998
23, 6, 2020, 18, 40, 2, 48.200001
23, 6, 2020, 18, 50, 3, 48.299999
23, 6, 2020, 19, 0, 2, 48.400002
23, 6, 2020, 19, 10, 3, 48.500000
23, 6, 2020, 19, 20, 3, 48.500000
23, 6, 2020, 19, 30, 2, 48.500000
23, 6, 2020, 19, 40, 2, 48.500000
23, 6, 2020, 19, 50, 3, 48.500000
23, 6, 2020, 20, 0, 2, 48.799999
23, 6, 2020, 20, 10, 2, 49.200001
23, 6, 2020, 20, 20, 3, 49.500000
23, 6, 2020, 20, 30, 2, 49.799999
23, 6, 2020, 20, 40, 2, 50.700001
23, 6, 2020, 20, 50, 3, 51.099998
23, 6, 2020, 21, 0, 2, 51.000000
23, 6, 2020, 21, 10, 2, 51.799999
23, 6, 2020, 21, 20, 3, 51.900002
23, 6, 2020, 21, 30, 2, 51.799999
23, 6, 2020, 21, 40, 2, 52.000000
23, 6, 2020, 21, 50, 3, 52.400002
23, 6, 2020, 22, 0, 2, 52.599998
23, 6, 2020, 22, 10, 2, 52.500000
23, 6, 2020, 22, 20, 3, 52.599998
23, 6, 2020, 22, 30, 3, 52.500000
23, 6, 2020, 22, 40, 2, 52.500000
23, 6, 2020, 22, 50, 3, 52.099998
23, 6, 2020, 23, 0, 3, 52.599998
23, 6, 2020, 23, 10, 2, 52.599998
23, 6, 2020, 23, 20, 3, 52.500000
23, 6, 2020, 23, 30, 3, 52.299999
23, 6, 2020, 23, 40, 2, 52.099998
23, 6, 2020, 23, 50, 3, 52.400002
24, 6, 2020, 0, 0, 3, 52.200001
24, 6, 2020, 0, 10, 8, 52.299999
24, 6, 2020, 0, 20, 2, 52.299999
24, 6, 2020, 0, 30, 2, 52.200001
24, 6, 2020, 0, 40, 3, 52.400002
24, 6, 2020, 0, 50, 2, 52.400002
24, 6, 2020, 1, 0, 2, 52.599998
24, 6, 2020, 1, 10, 3, 52.799999
24, 6, 2020, 1, 20, 2, 52.599998
24, 6, 2020, 1, 30, 2, 52.599998
24, 6, 2020, 1, 40, 3, 52.099998
24, 6, 2020, 1, 50, 2, 51.799999
24, 6, 2020, 2, 0, 2, 51.900002
24, 6, 2020, 2, 10, 3, 52.099998
24, 6, 2020, 2, 20, 2, 51.900002
24, 6, 2020, 2, 30, 2, 52.000000
24, 6, 2020, 2, 40, 3, 52.099998
24, 6, 2020, 2, 50, 2, 52.000000
24, 6, 2020, 3, 0, 2, 52.000000
24, 6, 2020, 3, 10, 3, 51.599998
24, 6, 2020, 3, 20, 2, 51.799999
24, 6, 2020, 3, 30, 2, 51.799999
24, 6, 2020, 3, 40, 3, 52.000000
24, 6, 2020, 3, 50, 2, 51.900002
24, 6, 2020, 4, 0, 2, 52.200001
24, 6, 2020, 4, 10, 3, 52.000000
24, 6, 2020, 4, 20, 3, 52.200001
24, 6, 2020, 4, 30, 2, 52.599998
24, 6, 2020, 4, 40, 3, 52.200001
24, 6, 2020, 4, 50, 2, 52.200001
24, 6, 2020, 5, 0, 2, 52.200001
24, 6, 2020, 5, 10, 3, 52.299999
24, 6, 2020, 5, 20, 3, 52.200001
24, 6, 2020, 5, 30, 5, 52.000000
24, 6, 2020, 5, 40, 2, 51.799999
24, 6, 2020, 5, 50, 2, 52.500000
24, 6, 2020, 6, 0, 3, 52.500000
24, 6, 2020, 6, 10, 2, 52.200001
24, 6, 2020, 6, 20, 3, 52.200001
24, 6, 2020, 6, 30, 3, 52.500000
24, 6, 2020, 6, 40, 2, 52.799999
24, 6, 2020, 6, 50, 3, 52.599998
24, 6, 2020, 7, 0, 2, 52.400002
24, 6, 2020, 7, 10, 2, 52.400002
24, 6, 2020, 7, 20, 3, 52.700001
24, 6, 2020, 7, 30, 3, 52.599998
24, 6, 2020, 7, 40, 2, 50.900002
24, 6, 2020, 7, 50, 3, 51.299999
24, 6, 2020, 8, 0, 2, 51.500000
24, 6, 2020, 8, 10, 2, 50.500000
24, 6, 2020, 8, 20, 3, 50.500000
24, 6, 2020, 8, 30, 2, 51.000000
24, 6, 2020, 8, 40, 2, 51.400002
24, 6, 2020, 8, 50, 3, 51.700001
24, 6, 2020, 9, 0, 2, 52.000000
24, 6, 2020, 9, 10, 2, 52.400002
24, 6, 2020, 9, 20, 3, 52.599998
24, 6, 2020, 9, 30, 5, 52.700001
24, 6, 2020, 9, 40, 3, 52.200001
24, 6, 2020, 9, 50, 2, 52.099998
24, 6, 2020, 10, 0, 5, 52.099998
24, 6, 2020, 10, 10, 2, 52.000000
24, 6, 2020, 10, 20, 3, 52.500000
24, 6, 2020, 10, 30, 5, 52.400002
24, 6, 2020, 10, 40, 3, 54.099998
24, 6, 2020, 10, 50, 5, 51.900002
24, 6, 2020, 11, 0, 3, 51.400002
24, 6, 2020, 11, 10, 2, 50.799999
24, 6, 2020, 11, 20, 3, 50.299999
24, 6, 2020, 11, 30, 3, 48.799999
24, 6, 2020, 11, 40, 2, 46.400002
24, 6, 2020, 11, 50, 3, 47.799999
24, 6, 2020, 12, 0, 3, 46.000000
24, 6, 2020, 12, 10, 2, 44.599998
24, 6, 2020, 12, 20, 2, 43.599998
24, 6, 2020, 12, 30, 5, 45.599998
24, 6, 2020, 12, 40, 3, 44.299999
24, 6, 2020, 12, 50, 3, 45.200001
24, 6, 2020, 13, 0, 2, 45.700001
24, 6, 2020, 13, 10, 3, 45.799999
24, 6, 2020, 13, 20, 3, 46.400002
24, 6, 2020, 13, 30, 2, 46.500000
24, 6, 2020, 13, 40, 3, 46.500000
24, 6, 2020, 13, 50, 3, 46.900002
24, 6, 2020, 14, 0, 2, 47.099998
24, 6, 2020, 14, 10, 3, 47.500000
24, 6, 2020, 14, 20, 3, 47.900002
24, 6, 2020, 14, 30, 2, 48.099998
24, 6, 2020, 14, 40, 2, 50.099998
24, 6, 2020, 14, 50, 3, 48.099998
24, 6, 2020, 15, 0, 2, 47.299999
24, 6, 2020, 15, 10, 3, 47.299999
24, 6, 2020, 15, 20, 3, 47.000000
24, 6, 2020, 15, 30, 2, 47.000000
24, 6, 2020, 15, 40, 2, 48.000000
24, 6, 2020, 15, 50, 3, 49.700001
24, 6, 2020, 16, 0, 2, 52.200001
24, 6, 2020, 16, 10, 2, 52.099998
24, 6, 2020, 16, 20, 3, 51.700001
24, 6, 2020, 16, 30, 2, 52.299999
24, 6, 2020, 16, 40, 2, 52.299999
24, 6, 2020, 16, 50, 3, 52.400002
24, 6, 2020, 17, 0, 5, 51.799999
24, 6, 2020, 17, 10, 3, 51.700001
24, 6, 2020, 17, 20, 2, 52.099998
24, 6, 2020, 17, 30, 3, 52.400002
24, 6, 2020, 17, 40, 3, 53.799999
24, 6, 2020, 17, 50, 2, 54.099998
24, 6, 2020, 18, 0, 3, 53.500000
24, 6, 2020, 18, 10, 3, 53.299999
24, 6, 2020, 18, 20, 3, 53.900002
24, 6, 2020, 18, 30, 2, 54.599998
24, 6, 2020, 18, 40, 3, 54.799999
24, 6, 2020, 18, 50, 3, 54.599998
24, 6, 2020, 19, 0, 2, 54.400002
24, 6, 2020, 19, 10, 3, 55.200001
24, 6, 2020, 19, 20, 3, 53.900002
24, 6, 2020, 19, 30, 2, 52.599998
24, 6, 2020, 19, 40, 3, 53.200001
24, 6, 2020, 19, 50, 3, 53.799999
24, 6, 2020, 20, 0, 2, 54.000000
24, 6, 2020, 20, 10, 3, 55.599998
24, 6, 2020, 20, 20, 3, 55.400002
24, 6, 2020, 20, 30, 2, 55.700001
24, 6, 2020, 20, 40, 6, 55.400002
24, 6, 2020, 20, 50, 2, 54.799999
24, 6, 2020, 21, 0, 3, 55.500000
24, 6, 2020, 21, 10, 3, 55.700001
24, 6, 2020, 21, 20, 3, 54.900002
24, 6, 2020, 21, 30, 5, 55.400002
24, 6, 2020, 21, 40, 3, 55.200001
24, 6, 2020, 21, 50, 2, 54.599998
24, 6, 2020, 22, 0, 3, 54.099998
24, 6, 2020, 22, 10, 3, 54.299999
24, 6, 2020, 22, 20, 2, 54.000000
24, 6, 2020, 22, 30, 3, 54.299999
24, 6, 2020, 22, 40, 3, 54.400002
24, 6, 2020, 22, 50, 2, 54.400002
24, 6, 2020, 23, 0, 3, 54.400002
24, 6, 2020, 23, 10, 3, 54.400002
24, 6, 2020, 23, 20, 2, 54.200001
24, 6, 2020, 23, 30, 3, 54.200001
24, 6, 2020, 23, 40, 3, 54.099998
24, 6, 2020, 23, 50, 2, 53.900002
25, 6, 2020, 0, 0, 3, 54.099998
25, 6, 2020, 0, 10, 3, 53.900002
25, 6, 2020, 0, 20, 3, 53.799999
25, 6, 2020, 0, 30, 2, 53.799999
25, 6, 2020, 0, 40, 3, 53.799999
25, 6, 2020, 0, 50, 2, 53.400002
25, 6, 2020, 1, 0, 2, 53.000000
25, 6, 2020, 1, 10, 3, 52.900002
25, 6, 2020, 1, 20, 3, 52.500000
25, 6, 2020, 1, 30, 2, 52.299999
25, 6, 2020, 1, 40, 3, 52.700001
25, 6, 2020, 1, 50, 2, 53.400002
25, 6, 2020, 2, 0, 5, 53.000000
25, 6, 2020, 2, 10, 2, 53.099998
25, 6, 2020, 2, 20, 2, 53.000000
25, 6, 2020, 2, 30, 5, 53.000000
25, 6, 2020, 2, 40, 3, 52.900002
25, 6, 2020, 2, 50, 5, 52.400002
25, 6, 2020, 3, 0, 3, 52.200001
25, 6, 2020, 3, 10, 2, 51.700001
25, 6, 2020, 3, 20, 2, 52.200001
25, 6, 2020, 3, 30, 3, 51.900002
25, 6, 2020, 3, 40, 5, 51.799999
25, 6, 2020, 3, 50, 3, 52.599998
25, 6, 2020, 4, 0, 2, 52.799999
25, 6, 2020, 4, 10, 3, 52.799999
25, 6, 2020, 4, 20, 3, 53.000000
25, 6, 2020, 4, 30, 2, 53.400002
25, 6, 2020, 4, 40, 2, 53.200001
25, 6, 2020, 4, 50, 3, 52.799999
25, 6, 2020, 5, 0, 2, 3302.699951
25, 6, 2020, 5, 10, 2, 54.599998
25, 6, 2020, 5, 20, 3, 53.700001
25, 6, 2020, 5, 30, 2, 53.099998
25, 6, 2020, 5, 40, 2, 53.400002
25, 6, 2020, 5, 50, 3, 53.400002
25, 6, 2020, 6, 0, 2, 54.099998
25, 6, 2020, 6, 10, 2, 53.700001
25, 6, 2020, 6, 20, 3, 53.700001
25, 6, 2020, 6, 30, 3, 53.500000
25, 6, 2020, 6, 40, 3, 54.000000
25, 6, 2020, 6, 50, 2, 54.099998
25, 6, 2020, 7, 0, 3, 53.500000
25, 6, 2020, 7, 10, 5, 53.099998
25, 6, 2020, 7, 20, 3, 52.900002
25, 6, 2020, 7, 30, 3, 52.700001
25, 6, 2020, 7, 40, 2, 52.700001
25, 6, 2020, 7, 50, 3, 52.200001
25, 6, 2020, 8, 0, 3, 52.099998
25, 6, 2020, 8, 10, 5, 52.200001
25, 6, 2020, 8, 20, 3, 52.099998
25, 6, 2020, 8, 30, 2, 52.299999
25, 6, 2020, 8, 40, 3, 52.299999
25, 6, 2020, 8, 50, 3, 52.200001
25, 6, 2020, 9, 0, 2, 52.400002
25, 6, 2020, 9, 10, 3, 52.200001
25, 6, 2020, 9, 20, 3, 52.599998
25, 6, 2020, 9, 30, 2, 52.599998
25, 6, 2020, 9, 40, 3, 52.700001
25, 6, 2020, 9, 50, 3, 52.700001
25, 6, 2020, 10, 0, 2, 52.400002
25, 6, 2020, 10, 10, 3, 52.200001
25, 6, 2020, 10, 20, 3, 52.200001
25, 6, 2020, 10, 30, 2, 52.900002
25, 6, 2020, 10, 40, 3, 53.000000
25, 6, 2020, 10, 50, 3, 53.900002
25, 6, 2020, 11, 0, 2, 53.700001
25, 6, 2020, 11, 10, 3, 53.299999
25, 6, 2020, 11, 20, 3, 52.599998
25, 6, 2020, 11, 30, 2, 50.799999
25, 6, 2020, 11, 40, 3, 49.400002
25, 6, 2020, 11, 50, 3, 49.099998
25, 6, 2020, 12, 0, 2, 48.700001
25, 6, 2020, 12, 10, 3, 48.000000
25, 6, 2020, 12, 20, 3, 48.000000
25, 6, 2020, 12, 30, 2, 47.599998
25, 6, 2020, 12, 40, 5, 55.799999
25, 6, 2020, 12, 50, 2, 57.900002
25, 6, 2020, 13, 0, 3, 54.400002
25, 6, 2020, 13, 10, 3, 55.599998
25, 6, 2020, 13, 20, 2, 56.500000
25, 6, 2020, 13, 30, 3, 57.099998
25, 6, 2020, 13, 40, 5, 56.400002
25, 6, 2020, 13, 50, 3, 57.799999
25, 6, 2020, 14, 0, 2, 57.799999
25, 6, 2020, 14, 10, 2, 58.000000
25, 6, 2020, 14, 20, 5, 59.700001
25, 6, 2020, 14, 30, 3, 60.000000
25, 6, 2020, 14, 40, 3, 62.099998
25, 6, 2020, 14, 50, 2, 61.700001
25, 6, 2020, 15, 0, 3, 61.900002
25, 6, 2020, 15, 10, 3, 63.000000
25, 6, 2020, 15, 20, 2, 63.500000
25, 6, 2020, 15, 30, 3, 64.099998
25, 6, 2020, 15, 40, 3, 63.700001
25, 6, 2020, 15, 50, 2, 62.299999
25, 6, 2020, 16, 0, 3, 61.599998
25, 6, 2020, 16, 10, 3, 60.500000
25, 6, 2020, 16, 20, 2, 59.700001
25, 6, 2020, 16, 30, 2, 59.700001
25, 6, 2020, 16, 40, 3, 60.000000
25, 6, 2020, 16, 50, 2, 59.900002
25, 6, 2020, 17, 0, 2, 59.099998
25, 6, 2020, 17, 10, 3, 60.500000
25, 6, 2020, 17, 20, 3, 59.500000
25, 6, 2020, 17, 30, 2, 59.299999
25, 6, 2020, 17, 40, 3, 58.599998
25, 6, 2020, 17, 50, 3, 58.500000
25, 6, 2020, 18, 0, 5, 59.700001
25, 6, 2020, 18, 10, 3, 62.299999
25, 6, 2020, 18, 20, 5, 61.900002
25, 6, 2020, 18, 30, 3, 62.799999
25, 6, 2020, 18, 40, 2, 62.000000
25, 6, 2020, 18, 50, 2, 61.099998
25, 6, 2020, 19, 0, 3, 61.500000
25, 6, 2020, 19, 10, 2, 60.200001
25, 6, 2020, 19, 20, 2, 61.099998
25, 6, 2020, 19, 30, 3, 60.599998
25, 6, 2020, 19, 40, 2, 58.099998
25, 6, 2020, 19, 50, 2, 57.000000
25, 6, 2020, 20, 0, 3, 56.200001
25, 6, 2020, 20, 10, 2, 55.599998
25, 6, 2020, 20, 20, 2, 55.700001
25, 6, 2020, 20, 30, 3, 57.200001
25, 6, 2020, 20, 40, 2, 58.099998
25, 6, 2020, 20, 50, 3, 58.000000
25, 6, 2020, 21, 0, 3, 58.200001
25, 6, 2020, 21, 10, 2, 58.000000
25, 6, 2020, 21, 20, 2, 58.000000
25, 6, 2020, 21, 30, 3, 58.099998
25, 6, 2020, 21, 40, 2, 58.099998
25, 6, 2020, 21, 50, 3, 58.200001
25, 6, 2020, 22, 0, 3, 58.599998
25, 6, 2020, 22, 10, 2, 59.299999
25, 6, 2020, 22, 20, 2, 59.500000
25, 6, 2020, 22, 30, 3, 59.599998
25, 6, 2020, 22, 40, 3, 60.000000
25, 6, 2020, 22, 50, 3, 60.200001
25, 6, 2020, 23, 0, 5, 59.900002
25, 6, 2020, 23, 10, 2, 59.700001
25, 6, 2020, 23, 20, 5, 58.599998
25, 6, 2020, 23, 30, 2, 58.400002
25, 6, 2020, 23, 40, 3, 58.099998
25, 6, 2020, 23, 50, 3, 58.099998
26, 6, 2020, 0, 0, 5, 58.000000
26, 6, 2020, 0, 10, 5, 57.700001
26, 6, 2020, 0, 20, 2, 58.000000
26, 6, 2020, 0, 30, 2, 58.700001
26, 6, 2020, 0, 40, 3, 58.700001
26, 6, 2020, 0, 50, 2, 58.900002
26, 6, 2020, 1, 0, 2, 58.799999
26, 6, 2020, 1, 10, 3, 59.000000
26, 6, 2020, 1, 20, 2, 58.400002
26, 6, 2020, 1, 30, 2, 58.400002
26, 6, 2020, 1, 40, 5, 58.700001
26, 6, 2020, 1, 50, 5, 58.099998
26, 6, 2020, 2, 0, 2, 58.200001
26, 6, 2020, 2, 10, 3, 59.000000
26, 6, 2020, 2, 20, 3, 59.000000
26, 6, 2020, 2, 30, 2, 59.000000
26, 6, 2020, 2, 40, 3, 58.400002
26, 6, 2020, 2, 50, 2, 58.000000
26, 6, 2020, 3, 0, 2, 57.900002
26, 6, 2020, 3, 10, 3, 57.599998
26, 6, 2020, 3, 20, 3, 58.500000
26, 6, 2020, 3, 30, 2, 58.599998
26, 6, 2020, 3, 40, 3, 58.400002
26, 6, 2020, 3, 50, 3, 58.400002
26, 6, 2020, 4, 0, 5, 58.400002
26, 6, 2020, 4, 10, 2, 58.099998
26, 6, 2020, 4, 20, 2, 57.900002
26, 6, 2020, 4, 30, 3, 57.599998
26, 6, 2020, 4, 40, 3, 57.900002
26, 6, 2020, 4, 50, 2, 57.900002
26, 6, 2020, 5, 0, 3, 58.599998
26, 6, 2020, 5, 10, 3, 58.200001
26, 6, 2020, 5, 20, 2, 58.599998
26, 6, 2020, 5, 30, 5, 58.200001
26, 6, 2020, 5, 40, 2, 58.000000
26, 6, 2020, 5, 50, 3, 58.099998
26, 6, 2020, 6, 0, 2, 58.299999
26, 6, 2020, 6, 10, 2, 58.099998
26, 6, 2020, 6, 20, 2, 58.200001
26, 6, 2020, 6, 30, 3, 57.900002
26, 6, 2020, 6, 40, 5, 57.900002
26, 6, 2020, 6, 50, 3, 56.700001
26, 6, 2020, 7, 0, 2, 57.400002
26, 6, 2020, 7, 10, 5, 57.799999
26, 6, 2020, 7, 20, 2, 58.200001
26, 6, 2020, 7, 30, 3, 57.500000
26, 6, 2020, 7, 40, 2, 56.900002
26, 6, 2020, 7, 50, 7, 57.000000
26, 6, 2020, 8, 0, 3, 57.000000
26, 6, 2020, 8, 10, 2, 56.900002
26, 6, 2020, 8, 20, 2, 56.599998
26, 6, 2020, 8, 30, 3, 56.200001
26, 6, 2020, 8, 40, 3, 56.299999
26, 6, 2020, 8, 50, 2, 56.200001
26, 6, 2020, 9, 0, 10, 56.200001
26, 6, 2020, 9, 10, 2, 56.400002
26, 6, 2020, 9, 20, 5, 56.299999
26, 6, 2020, 9, 30, 3, 56.099998
26, 6, 2020, 9, 40, 3, 55.900002
26, 6, 2020, 9, 50, 2, 55.400002
26, 6, 2020, 10, 0, 3, 55.599998
26, 6, 2020, 10, 10, 3, 56.000000
26, 6, 2020, 10, 20, 5, 56.400002
26, 6, 2020, 10, 30, 2, 56.700001
26, 6, 2020, 10, 40, 2, 56.799999
26, 6, 2020, 10, 50, 3, 56.299999
26, 6, 2020, 11, 0, 2, 55.299999
26, 6, 2020, 11, 10, 2, 54.099998
26, 6, 2020, 11, 20, 3, 52.299999
26, 6, 2020, 11, 30, 3, 51.200001
26, 6, 2020, 11, 40, 2, 50.599998
26, 6, 2020, 11, 50, 3, 49.599998
26, 6, 2020, 12, 0, 5, 49.299999
26, 6, 2020, 12, 10, 3, 48.799999
26, 6, 2020, 12, 20, 2, 49.299999
26, 6, 2020, 12, 30, 2, 49.299999
26, 6, 2020, 12, 40, 3, 49.599998
26, 6, 2020, 12, 50, 2, 49.599998
26, 6, 2020, 13, 0, 2, 50.000000
26, 6, 2020, 13, 10, 3, 50.299999
26, 6, 2020, 13, 20, 3, 49.900002
26, 6, 2020, 13, 30, 2, 47.500000
26, 6, 2020, 13, 40, 3, 46.299999
26, 6, 2020, 13, 50, 2, 45.799999
26, 6, 2020, 14, 0, 2, 46.099998
26, 6, 2020, 14, 10, 3, 46.400002
26, 6, 2020, 14, 20, 3, 46.299999
26, 6, 2020, 14, 30, 2, 46.299999
26, 6, 2020, 14, 40, 5, 46.500000
26, 6, 2020, 14, 50, 3, 46.200001
26, 6, 2020, 15, 0, 3, 45.299999
26, 6, 2020, 15, 10, 2, 46.000000
26, 6, 2020, 15, 20, 3, 46.500000
26, 6, 2020, 15, 30, 3, 46.900002
26, 6, 2020, 15, 40, 2, 47.299999
26, 6, 2020, 15, 50, 6, 47.400002
26, 6, 2020, 16, 0, 2, 47.599998
26, 6, 2020, 16, 10, 3, 47.400002
26, 6, 2020, 16, 20, 3, 46.500000
26, 6, 2020, 16, 30, 2, 46.799999
26, 6, 2020, 16, 40, 3, 47.299999
26, 6, 2020, 16, 50, 3, 47.799999
26, 6, 2020, 17, 0, 2, 48.500000
26, 6, 2020, 17, 10, 3, 48.200001
26, 6, 2020, 17, 20, 3, 48.400002
26, 6, 2020, 17, 30, 2, 48.700001
26, 6, 2020, 17, 40, 5, 49.099998
26, 6, 2020, 17, 50, 6, 49.500000
26, 6, 2020, 18, 0, 5, 49.799999
26, 6, 2020, 18, 10, 2, 50.099998
26, 6, 2020, 18, 20, 2, 49.799999
26, 6, 2020, 18, 30, 3, 50.000000
26, 6, 2020, 18, 40, 3, 49.900002
26, 6, 2020, 18, 50, 2, 49.099998
26, 6, 2020, 19, 0, 3, 48.400002
26, 6, 2020, 19, 10, 3, 46.700001
26, 6, 2020, 19, 20, 2, 46.700001
26, 6, 2020, 19, 30, 3, 46.599998
26, 6, 2020, 19, 40, 3, 46.799999
26, 6, 2020, 19, 50, 2, 46.900002
26, 6, 2020, 20, 0, 3, 47.400002
26, 6, 2020, 20, 10, 3, 47.599998
26, 6, 2020, 20, 20, 2, 47.900002
26, 6, 2020, 20, 30, 3, 48.700001
26, 6, 2020, 20, 40, 3, 48.799999
26, 6, 2020, 20, 50, 2, 48.599998
26, 6, 2020, 21, 0, 3, 48.700001
26, 6, 2020, 21, 10, 3, 48.200001
26, 6, 2020, 21, 20, 2, 49.200001
26, 6, 2020, 21, 30, 3, 49.200001
26, 6, 2020, 21, 40, 3, 49.299999
26, 6, 2020, 21, 50, 2, 49.200001
26, 6, 2020, 22, 0, 3, 49.299999
26, 6, 2020, 22, 10, 3, 49.200001
26, 6, 2020, 22, 20, 5, 49.500000
26, 6, 2020, 22, 30, 2, 49.900002
26, 6, 2020, 22, 40, 2, 49.599998
26, 6, 2020, 22, 50, 3, 50.400002
26, 6, 2020, 23, 0, 2, 50.000000
26, 6, 2020, 23, 10, 2, 51.000000
26, 6, 2020, 23, 20, 3, 50.799999
26, 6, 2020, 23, 30, 3, 50.700001
26, 6, 2020, 23, 40, 2, 50.700001
26, 6, 2020, 23, 50, 3, 50.200001
27, 6, 2020, 0, 0, 3, 50.400002
27, 6, 2020, 0, 10, 3, 49.700001
27, 6, 2020, 0, 20, 3, 49.900002
27, 6, 2020, 0, 30, 2, 49.599998
27, 6, 2020, 0, 40, 2, 49.599998
27, 6, 2020, 0, 50, 3, 50.000000
27, 6, 2020, 1, 0, 2, 50.599998
27, 6, 2020, 1, 10, 3, 49.099998
27, 6, 2020, 1, 20, 3, 49.000000
27, 6, 2020, 1, 30, 5, 49.599998
27, 6, 2020, 1, 40, 3, 50.000000
27, 6, 2020, 1, 50, 2, 50.500000
27, 6, 2020, 2, 0, 3, 50.200001
27, 6, 2020, 2, 10, 3, 50.400002
27, 6, 2020, 2, 20, 2, 50.700001
27, 6, 2020, 2, 30, 3, 51.700001
27, 6, 2020, 2, 40, 3, 52.200001
27, 6, 2020, 2, 50, 5, 52.400002
27, 6, 2020, 3, 0, 2, 51.900002
27, 6, 2020, 3, 10, 3, 51.799999
27, 6, 2020, 3, 20, 3, 51.799999
27, 6, 2020, 3, 30, 2, 52.099998
27, 6, 2020, 3, 40, 2, 52.099998
27, 6, 2020, 3, 50, 3, 51.299999
27, 6, 2020, 4, 0, 2, 51.099998
27, 6, 2020, 4, 10, 5, 51.299999
27, 6, 2020, 4, 20, 2, 51.299999
27, 6, 2020, 4, 30, 5, 51.299999
27, 6, 2020, 4, 40, 2, 50.900002
27, 6, 2020, 4, 50, 3, 50.900002
27, 6, 2020, 5, 0, 2, 50.700001
27, 6, 2020, 5, 10, 2, 50.700001
27, 6, 2020, 5, 20, 3, 50.799999
27, 6, 2020, 5, 30, 2, 52.299999
27, 6, 2020, 5, 40, 2, 52.500000
27, 6, 2020, 5, 50, 3, 51.599998
27, 6, 2020, 6, 0, 2, 50.700001
27, 6, 2020, 6, 10, 3, 51.400002
27, 6, 2020, 6, 20, 2, 52.400002
27, 6, 2020, 6, 30, 3, 51.799999
27, 6, 2020, 6, 40, 3, 52.299999
27, 6, 2020, 6, 50, 5, 51.700001
27, 6, 2020, 7, 0, 2, 51.299999
27, 6, 2020, 7, 10, 2, 51.000000
27, 6, 2020, 7, 20, 3, 51.799999
27, 6, 2020, 7, 30, 3, 51.900002
27, 6, 2020, 7, 40, 2, 51.200001
27, 6, 2020, 7, 50, 3, 48.099998
27, 6, 2020, 8, 0, 3, 48.900002
27, 6, 2020, 8, 10, 2, 45.000000
27, 6, 2020, 8, 20, 3, 45.799999
27, 6, 2020, 8, 30, 3, 45.900002
27, 6, 2020, 8, 40, 2, 48.200001
27, 6, 2020, 8, 50, 3, 47.599998
27, 6, 2020, 9, 0, 5, 48.799999
27, 6, 2020, 9, 10, 3, 47.799999
27, 6, 2020, 9, 20, 2, 49.200001
27, 6, 2020, 9, 30, 3, 48.900002
27, 6, 2020, 9, 40, 3, 48.200001
27, 6, 2020, 9, 50, 2, 48.599998
27, 6, 2020, 10, 0, 3, 47.000000
27, 6, 2020, 10, 10, 3, 44.200001
27, 6, 2020, 10, 20, 2, 40.500000
27, 6, 2020, 10, 30, 2, 40.000000
27, 6, 2020, 10, 40, 3, 38.700001
27, 6, 2020, 10, 50, 2, 38.200001
27, 6, 2020, 11, 0, 6, 38.700001
27, 6, 2020, 11, 10, 2, 39.700001
27, 6, 2020, 11, 20, 3, 38.799999
27, 6, 2020, 11, 30, 3, 39.599998
27, 6, 2020, 11, 40, 5, 38.900002
27, 6, 2020, 11, 50, 2, 39.900002
27, 6, 2020, 12, 0, 2, 41.200001
27, 6, 2020, 12, 10, 2, 42.099998
27, 6, 2020, 12, 20, 3, 42.299999
27, 6, 2020, 12, 30, 3, 42.799999
27, 6, 2020, 12, 40, 5, 42.700001
27, 6, 2020, 12, 50, 3, 43.099998
27, 6, 2020, 13, 0, 2, 44.000000
27, 6, 2020, 13, 10, 3, 44.599998
27, 6, 2020, 13, 20, 3, 44.700001
27, 6, 2020, 13, 30, 5, 44.599998
27, 6, 2020, 13, 40, 2, 44.400002
27, 6, 2020, 13, 50, 2, 44.200001
27, 6, 2020, 14, 0, 3, 43.900002
27, 6, 2020, 14, 10, 2, 43.700001
27, 6, 2020, 14, 20, 2, 43.200001
27, 6, 2020, 14, 30, 3, 43.500000
27, 6, 2020, 14, 40, 2, 43.700001
27, 6, 2020, 14, 50, 3, 43.799999
27, 6, 2020, 15, 0, 3, 43.400002
27, 6, 2020, 15, 10, 2, 43.299999
27, 6, 2020, 15, 20, 2, 43.200001
27, 6, 2020, 15, 30, 3, 43.000000
27, 6, 2020, 15, 40, 2, 43.099998
27, 6, 2020, 15, 50, 2, 43.099998
27, 6, 2020, 16, 0, 3, 43.000000
27, 6, 2020, 16, 10, 2, 42.900002
27, 6, 2020, 16, 20, 2, 44.500000
27, 6, 2020, 16, 30, 3, 45.500000
27, 6, 2020, 16, 40, 2, 44.400002
27, 6, 2020, 16, 50, 5, 43.900002
27, 6, 2020, 17, 0, 2, 43.900002
27, 6, 2020, 17, 10, 3, 43.799999
27, 6, 2020, 17, 20, 3, 44.799999
27, 6, 2020, 17, 30, 2, 46.799999
27, 6, 2020, 17, 40, 3, 46.900002
27, 6, 2020, 17, 50, 3, 47.400002
27, 6, 2020, 18, 0, 5, 47.099998
27, 6, 2020, 18, 10, 3, 46.500000
27, 6, 2020, 18, 20, 2, 47.099998
27, 6, 2020, 18, 30, 3, 47.299999
27, 6, 2020, 18, 40, 3, 47.400002
27, 6, 2020, 18, 50, 5, 48.099998
27, 6, 2020, 19, 0, 2, 49.500000
27, 6, 2020, 19, 10, 2, 49.400002
27, 6, 2020, 19, 20, 3, 49.900002
27, 6, 2020, 19, 30, 2, 50.400002
27, 6, 2020, 19, 40, 2, 50.900002
27, 6, 2020, 19, 50, 3, 50.799999
27, 6, 2020, 20, 0, 2, 50.900002
27, 6, 2020, 20, 10, 2, 50.799999
27, 6, 2020, 20, 20, 3, 51.200001
27, 6, 2020, 20, 30, 2, 52.200001
27, 6, 2020, 20, 40, 2, 52.200001
27, 6, 2020, 20, 50, 3, 51.900002
27, 6, 2020, 21, 0, 2, 51.299999
27, 6, 2020, 21, 10, 2, 51.200001
27, 6, 2020, 21, 20, 3, 50.500000
27, 6, 2020, 21, 30, 2, 50.599998
27, 6, 2020, 21, 40, 2, 50.799999
27, 6, 2020, 21, 50, 3, 50.500000
27, 6, 2020, 22, 0, 2, 50.500000
27, 6, 2020, 22, 10, 2, 50.500000
27, 6, 2020, 22, 20, 3, 50.900002
27, 6, 2020, 22, 30, 3, 51.000000
27, 6, 2020, 22, 40, 2, 51.400002
27, 6, 2020, 22, 50, 3, 51.900002
27, 6, 2020, 23, 0, 2, 52.000000
27, 6, 2020, 23, 10, 2, 52.299999
27, 6, 2020, 23, 20, 3, 52.700001
27, 6, 2020, 23, 30, 3, 52.799999
27, 6, 2020, 23, 40, 2, 52.400002
27, 6, 2020, 23, 50, 3, 53.099998
28, 6, 2020, 0, 0, 3, 53.099998
28, 6, 2020, 0, 10, 3, 53.500000
28, 6, 2020, 0, 20, 3, 53.299999
28, 6, 2020, 0, 30, 2, 53.500000
28, 6, 2020, 0, 40, 3, 53.000000
28, 6, 2020, 0, 50, 3, 53.000000
28, 6, 2020, 1, 0, 2, 53.700001
28, 6, 2020, 1, 10, 3, 54.299999
28, 6, 2020, 1, 20, 3, 54.900002
28, 6, 2020, 1, 30, 2, 54.599998
28, 6, 2020, 1, 40, 3, 54.200001
28, 6, 2020, 1, 50, 3, 53.700001
28, 6, 2020, 2, 0, 2, 53.799999
28, 6, 2020, 2, 10, 3, 53.400002
28, 6, 2020, 2, 20, 3, 53.400002
28, 6, 2020, 2, 30, 2, 54.000000
28, 6, 2020, 2, 40, 6, 54.500000
28, 6, 2020, 2, 50, 2, 54.400002
28, 6, 2020, 3, 0, 3, 54.500000
28, 6, 2020, 3, 10, 2, 53.799999
28, 6, 2020, 3, 20, 2, 54.200001
28, 6, 2020, 3, 30, 3, 55.099998
28, 6, 2020, 3, 40, 5, 55.200001
28, 6, 2020, 3, 50, 3, 55.900002
28, 6, 2020, 4, 0, 2, 55.099998
28, 6, 2020, 4, 10, 3, 55.099998
28, 6, 2020, 4, 20, 3, 56.099998
28, 6, 2020, 4, 30, 2, 55.900002
28, 6, 2020, 4, 40, 3, 55.700001
28, 6, 2020, 4, 50, 3, 55.299999
28, 6, 2020, 5, 0, 2, 55.400002
28, 6, 2020, 5, 10, 3, 55.099998
28, 6, 2020, 5, 20, 3, 56.500000
28, 6, 2020, 5, 30, 5, 56.799999
28, 6, 2020, 5, 40, 3, 56.500000
28, 6, 2020, 5, 50, 2, 56.000000
28, 6, 2020, 6, 0, 3, 55.700001
28, 6, 2020, 6, 10, 2, 55.900002
28, 6, 2020, 6, 20, 5, 56.099998
28, 6, 2020, 6, 30, 3, 58.000000
28, 6, 2020, 6, 40, 3, 58.000000
28, 6, 2020, 6, 50, 3, 57.700001
28, 6, 2020, 7, 0, 2, 56.000000
28, 6, 2020, 7, 10, 5, 55.799999
28, 6, 2020, 7, 20, 5, 55.500000
28, 6, 2020, 7, 30, 5, 54.599998
28, 6, 2020, 7, 40, 3, 53.900002
28, 6, 2020, 7, 50, 2, 53.799999
28, 6, 2020, 8, 0, 3, 53.500000
28, 6, 2020, 8, 10, 3, 53.299999
28, 6, 2020, 8, 20, 2, 53.200001
28, 6, 2020, 8, 30, 3, 52.799999
28, 6, 2020, 8, 40, 3, 52.799999
28, 6, 2020, 8, 50, 2, 52.599998
28, 6, 2020, 9, 0, 3, 52.599998
28, 6, 2020, 9, 10, 3, 53.299999
28, 6, 2020, 9, 20, 2, 53.200001
28, 6, 2020, 9, 30, 3, 53.700001
28, 6, 2020, 9, 40, 3, 54.500000
28, 6, 2020, 9, 50, 2, 54.200001
28, 6, 2020, 10, 0, 3, 53.900002
28, 6, 2020, 10, 10, 3, 53.500000
28, 6, 2020, 10, 20, 2, 53.200001
28, 6, 2020, 10, 30, 2, 53.099998
28, 6, 2020, 10, 40, 3, 52.900002
28, 6, 2020, 10, 50, 5, 53.700001
28, 6, 2020, 11, 0, 3, 54.200001
28, 6, 2020, 11, 10, 2, 53.799999
28, 6, 2020, 11, 20, 5, 53.700001
28, 6, 2020, 11, 30, 2, 54.099998
28, 6, 2020, 11, 40, 5, 53.599998
28, 6, 2020, 11, 50, 3, 53.299999
28, 6, 2020, 12, 0, 3, 53.599998
28, 6, 2020, 12, 10, 3, 53.900002
28, 6, 2020, 12, 20, 2, 53.099998
28, 6, 2020, 12, 30, 5, 53.299999
28, 6, 2020, 12, 40, 2, 53.500000
28, 6, 2020, 12, 50, 3, 53.000000
28, 6, 2020, 13, 0, 2, 52.700001
28, 6, 2020, 13, 10, 2, 52.799999
28, 6, 2020, 13, 20, 3, 53.599998
28, 6, 2020, 13, 30, 3, 56.099998
28, 6, 2020, 13, 40, 2, 56.000000
28, 6, 2020, 13, 50, 3, 56.200001
28, 6, 2020, 14, 0, 3, 57.299999
28, 6, 2020, 14, 10, 2, 55.299999
28, 6, 2020, 14, 20, 3, 55.200001
28, 6, 2020, 14, 30, 3, 55.099998
28, 6, 2020, 14, 40, 2, 54.599998
28, 6, 2020, 14, 50, 3, 53.700001
28, 6, 2020, 15, 0, 2, 52.700001
28, 6, 2020, 15, 10, 2, 52.299999
28, 6, 2020, 15, 20, 3, 52.299999
28, 6, 2020, 15, 30, 3, 51.500000
28, 6, 2020, 15, 40, 2, 51.000000
28, 6, 2020, 15, 50, 3, 50.599998
28, 6, 2020, 16, 0, 3, 50.799999
28, 6, 2020, 16, 10, 5, 50.900002
28, 6, 2020, 16, 20, 2, 51.299999
28, 6, 2020, 16, 30, 2, 51.500000
28, 6, 2020, 16, 40, 3, 51.099998
28, 6, 2020, 16, 50, 2, 50.900002
28, 6, 2020, 17, 0, 2, 50.700001
28, 6, 2020, 17, 10, 3, 50.700001
28, 6, 2020, 17, 20, 3, 50.900002
28, 6, 2020, 17, 30, 2, 51.400002
28, 6, 2020, 17, 40, 3, 53.400002
28, 6, 2020, 17, 50, 3, 53.400002
28, 6, 2020, 18, 0, 2, 53.599998
28, 6, 2020, 18, 10, 3, 54.200001
28, 6, 2020, 18, 20, 3, 54.500000
28, 6, 2020, 18, 30, 2, 55.000000
28, 6, 2020, 18, 40, 3, 55.500000
28, 6, 2020, 18, 50, 2, 55.000000
28, 6, 2020, 19, 0, 2, 55.299999
28, 6, 2020, 19, 10, 3, 55.099998
28, 6, 2020, 19, 20, 3, 54.900002
28, 6, 2020, 19, 30, 2, 54.700001
28, 6, 2020, 19, 40, 3, 54.400002
28, 6, 2020, 19, 50, 3, 54.299999
28, 6, 2020, 20, 0, 2, 54.099998
28, 6, 2020, 20, 10, 3, 54.099998
28, 6, 2020, 20, 20, 3, 53.900002
28, 6, 2020, 20, 30, 2, 53.900002
28, 6, 2020, 20, 40, 3, 54.000000
28, 6, 2020, 20, 50, 2, 54.299999
28, 6, 2020, 21, 0, 2, 54.400002
28, 6, 2020, 21, 10, 3, 54.599998
28, 6, 2020, 21, 20, 3, 54.599998
28, 6, 2020, 21, 30, 5, 55.599998
28, 6, 2020, 21, 40, 2, 54.900002
28, 6, 2020, 21, 50, 3, 54.500000
28, 6, 2020, 22, 0, 2, 54.799999
28, 6, 2020, 22, 10, 3, 54.799999
28, 6, 2020, 22, 20, 5, 55.000000
28, 6, 2020, 22, 30, 3, 54.900002
28, 6, 2020, 22, 40, 3, 55.500000
28, 6, 2020, 22, 50, 2, 55.299999
28, 6, 2020, 23, 0, 3, 55.900002
28, 6, 2020, 23, 10, 3, 55.799999
28, 6, 2020, 23, 20, 2, 55.799999
28, 6, 2020, 23, 30, 3, 55.799999
28, 6, 2020, 23, 40, 3, 55.900002
28, 6, 2020, 23, 50, 2, 55.900002
29, 6, 2020, 0, 0, 3, 55.799999
29, 6, 2020, 0, 10, 2, 56.299999
29, 6, 2020, 0, 20, 3, 56.299999
29, 6, 2020, 0, 30, 3, 57.200001
29, 6, 2020, 0, 40, 2, 56.799999
29, 6, 2020, 0, 50, 3, 56.900002
29, 6, 2020, 1, 0, 3, 56.599998
29, 6, 2020, 1, 10, 2, 57.099998
29, 6, 2020, 1, 20, 2, 57.099998
29, 6, 2020, 1, 30, 3, 56.900002
29, 6, 2020, 1, 40, 2, 56.700001
29, 6, 2020, 1, 50, 3, 56.900002
29, 6, 2020, 2, 0, 3, 57.500000
29, 6, 2020, 2, 10, 2, 57.599998
29, 6, 2020, 2, 20, 2, 57.400002
29, 6, 2020, 2, 30, 3, 57.599998
29, 6, 2020, 2, 40, 5, 57.700001
29, 6, 2020, 2, 50, 5, 59.599998
29, 6, 2020, 3, 0, 3, 58.400002
29, 6, 2020, 3, 10, 2, 58.700001
29, 6, 2020, 3, 20, 2, 58.599998
29, 6, 2020, 3, 30, 3, 58.599998
29, 6, 2020, 3, 40, 2, 59.299999
29, 6, 2020, 3, 50, 3, 59.299999
29, 6, 2020, 4, 0, 3, 59.900002
29, 6, 2020, 4, 10, 2, 60.500000
29, 6, 2020, 4, 20, 2, 60.200001
29, 6, 2020, 4, 30, 3, 60.299999
29, 6, 2020, 4, 40, 2, 60.700001
29, 6, 2020, 4, 50, 2, 60.400002
29, 6, 2020, 5, 0, 3, 60.400002
29, 6, 2020, 5, 10, 2, 60.000000
29, 6, 2020, 5, 20, 2, 61.799999
29, 6, 2020, 5, 30, 3, 62.799999
29, 6, 2020, 5, 40, 2, 61.799999
29, 6, 2020, 5, 50, 2, 60.900002
29, 6, 2020, 6, 0, 3, 61.200001
29, 6, 2020, 6, 10, 2, 61.500000
29, 6, 2020, 6, 20, 2, 61.299999
29, 6, 2020, 6, 30, 2, 60.799999
29, 6, 2020, 6, 40, 2, 60.799999
29, 6, 2020, 6, 50, 3, 60.700001
29, 6, 2020, 7, 0, 2, 60.500000
29, 6, 2020, 7, 10, 5, 61.599998
29, 6, 2020, 7, 20, 5, 62.099998
29, 6, 2020, 7, 30, 2, 63.000000
29, 6, 2020, 7, 40, 2, 63.299999
29, 6, 2020, 7, 50, 3, 63.500000
29, 6, 2020, 8, 0, 2, 63.500000
29, 6, 2020, 8, 10, 2, 63.599998
29, 6, 2020, 8, 20, 3, 62.599998
29, 6, 2020, 8, 30, 2, 61.700001
29, 6, 2020, 8, 40, 2, 61.400002
29, 6, 2020, 8, 50, 3, 60.700001
29, 6, 2020, 9, 0, 2, 60.700001
29, 6, 2020, 9, 10, 2, 60.700001
29, 6, 2020, 9, 20, 3, 60.599998
29, 6, 2020, 9, 30, 2, 60.500000
29, 6, 2020, 9, 40, 2, 60.000000
29, 6, 2020, 9, 50, 3, 60.000000
29, 6, 2020, 10, 0, 2, 59.700001
29, 6, 2020, 10, 10, 2, 59.400002
29, 6, 2020, 10, 20, 8, 59.000000
29, 6, 2020, 10, 30, 3, 58.500000
29, 6, 2020, 10, 40, 2, 58.200001
29, 6, 2020, 10, 50, 3, 57.799999
29, 6, 2020, 11, 0, 2, 57.599998
29, 6, 2020, 11, 10, 2, 57.799999
29, 6, 2020, 11, 20, 3, 57.799999
29, 6, 2020, 11, 30, 3, 57.599998
29, 6, 2020, 11, 40, 2, 57.900002
29, 6, 2020, 11, 50, 3, 57.700001
29, 6, 2020, 12, 0, 3, 57.900002
29, 6, 2020, 12, 10, 5, 57.700001
29, 6, 2020, 12, 20, 2, 57.500000
29, 6, 2020, 12, 30, 2, 57.299999
29, 6, 2020, 12, 40, 3, 56.900002
29, 6, 2020, 12, 50, 2, 56.799999
29, 6, 2020, 13, 0, 2, 56.500000
29, 6, 2020, 13, 10, 5, 56.400002
29, 6, 2020, 13, 20, 3, 56.400002
29, 6, 2020, 13, 30, 5, 56.500000
29, 6, 2020, 13, 40, 3, 56.400002
29, 6, 2020, 13, 50, 2, 56.400002
29, 6, 2020, 14, 0, 2, 56.299999
29, 6, 2020, 14, 10, 3, 56.000000
29, 6, 2020, 14, 20, 5, 56.000000
29, 6, 2020, 14, 30, 3, 56.099998
29, 6, 2020, 14, 40, 2, 56.200001
29, 6, 2020, 14, 50, 3, 56.299999
29, 6, 2020, 15, 0, 3, 56.200001
29, 6, 2020, 15, 10, 2, 56.099998
29, 6, 2020, 15, 20, 2, 55.900002
29, 6, 2020, 15, 30, 3, 55.799999
29, 6, 2020, 15, 40, 2, 55.599998
29, 6, 2020, 15, 50, 3, 55.599998
29, 6, 2020, 16, 0, 3, 55.599998
29, 6, 2020, 16, 10, 2, 55.599998
29, 6, 2020, 16, 20, 2, 55.500000
29, 6, 2020, 16, 30, 3, 56.099998
29, 6, 2020, 16, 40, 2, 56.099998
29, 6, 2020, 16, 50, 6, 56.700001
29, 6, 2020, 17, 0, 2, 57.299999
29, 6, 2020, 17, 10, 3, 57.400002
29, 6, 2020, 17, 20, 3, 57.599998
29, 6, 2020, 17, 30, 2, 57.400002
29, 6, 2020, 17, 40, 3, 57.099998
29, 6, 2020, 17, 50, 3, 57.299999
29, 6, 2020, 18, 0, 5, 57.500000
29, 6, 2020, 18, 10, 3, 57.500000
29, 6, 2020, 18, 20, 2, 57.200001
29, 6, 2020, 18, 30, 2, 57.200001
29, 6, 2020, 18, 40, 3, 57.299999
29, 6, 2020, 18, 50, 5, 57.799999
29, 6, 2020, 19, 0, 3, 57.700001
29, 6, 2020, 19, 10, 2, 57.500000
29, 6, 2020, 19, 20, 3, 57.500000
29, 6, 2020, 19, 30, 5, 57.400002
29, 6, 2020, 19, 40, 8, 57.299999
29, 6, 2020, 19, 50, 3, 57.500000
29, 6, 2020, 20, 0, 2, 57.700001
29, 6, 2020, 20, 10, 3, 57.599998
29, 6, 2020, 20, 20, 3, 58.000000
29, 6, 2020, 20, 30, 2, 58.299999
29, 6, 2020, 20, 40, 3, 58.700001
29, 6, 2020, 20, 50, 2, 58.599998
29, 6, 2020, 21, 0, 2, 58.700001
29, 6, 2020, 21, 10, 3, 59.299999
29, 6, 2020, 21, 20, 2, 60.000000
29, 6, 2020, 21, 30, 2, 60.400002
29, 6, 2020, 21, 40, 3, 61.099998
29, 6, 2020, 21, 50, 2, 61.400002
29, 6, 2020, 22, 0, 2, 62.400002
29, 6, 2020, 22, 10, 3, 62.500000
29, 6, 2020, 22, 20, 2, 62.900002
29, 6, 2020, 22, 30, 2, 63.500000
29, 6, 2020, 22, 40, 3, 63.299999
29, 6, 2020, 22, 50, 3, 64.000000
29, 6, 2020, 23, 0, 2, 63.500000
29, 6, 2020, 23, 10, 5, 63.500000
29, 6, 2020, 23, 20, 5, 63.700001
29, 6, 2020, 23, 30, 2, 63.599998
29, 6, 2020, 23, 40, 3, 63.599998
29, 6, 2020, 23, 50, 3, 63.700001
30, 6, 2020, 0, 0, 2, 63.700001
30, 6, 2020, 0, 10, 5, 63.700001
30, 6, 2020, 0, 20, 3, 63.700001
30, 6, 2020, 0, 30, 2, 63.799999
30, 6, 2020, 0, 40, 2, 63.799999
30, 6, 2020, 0, 50, 3, 63.799999
30, 6, 2020, 1, 0, 2, 64.500000
30, 6, 2020, 1, 10, 2, 64.199997
30, 6, 2020, 1, 20, 5, 64.099998
30, 6, 2020, 1, 30, 3, 64.699997
30, 6, 2020, 1, 40, 3, 64.699997
30, 6, 2020, 1, 50, 2, 64.900002
30, 6, 2020, 2, 0, 3, 64.900002
30, 6, 2020, 2, 10, 3, 65.099998
30, 6, 2020, 2, 20, 2, 65.500000
30, 6, 2020, 2, 30, 3, 66.099998
30, 6, 2020, 2, 40, 3, 66.000000
30, 6, 2020, 2, 50, 2, 65.500000
30, 6, 2020, 3, 0, 3, 65.800003
30, 6, 2020, 3, 10, 3, 66.199997
30, 6, 2020, 3, 20, 2, 65.900002
30, 6, 2020, 3, 30, 3, 66.099998
30, 6, 2020, 3, 40, 3, 66.000000
30, 6, 2020, 3, 50, 2, 66.599998
30, 6, 2020, 4, 0, 3, 65.900002
30, 6, 2020, 4, 10, 3, 65.800003
30, 6, 2020, 4, 20, 2, 65.800003
30, 6, 2020, 4, 30, 2, 65.300003
30, 6, 2020, 4, 40, 3, 64.699997
30, 6, 2020, 4, 50, 2, 65.000000
30, 6, 2020, 5, 0, 2, 64.099998
30, 6, 2020, 5, 10, 3, 64.000000
30, 6, 2020, 5, 20, 3, 64.400002
30, 6, 2020, 5, 30, 5, 64.500000
30, 6, 2020, 5, 40, 2, 64.099998
30, 6, 2020, 5, 50, 2, 64.099998
30, 6, 2020, 6, 0, 3, 64.099998
30, 6, 2020, 6, 10, 5, 64.400002
30, 6, 2020, 6, 20, 2, 64.099998
30, 6, 2020, 6, 30, 2, 64.500000
30, 6, 2020, 6, 40, 2, 65.099998
30, 6, 2020, 6, 50, 3, 65.000000
30, 6, 2020, 7, 0, 2, 65.300003
30, 6, 2020, 7, 10, 2, 64.099998
30, 6, 2020, 7, 20, 3, 64.300003
30, 6, 2020, 7, 30, 3, 63.200001
30, 6, 2020, 7, 40, 2, 62.599998
30, 6, 2020, 7, 50, 3, 62.799999
30, 6, 2020, 8, 0, 2, 62.200001
30, 6, 2020, 8, 10, 2, 61.700001
30, 6, 2020, 8, 20, 3, 61.299999
30, 6, 2020, 8, 30, 2, 61.400002
30, 6, 2020, 8, 40, 2, 61.700001
30, 6, 2020, 8, 50, 3, 61.400002
30, 6, 2020, 9, 0, 2, 61.400002
30, 6, 2020, 9, 10, 2, 61.299999
30, 6, 2020, 9, 20, 3, 61.500000
30, 6, 2020, 9, 30, 3, 61.000000
30, 6, 2020, 9, 40, 5, 60.500000
30, 6, 2020, 9, 50, 2, 59.599998
30, 6, 2020, 10, 0, 3, 58.799999
30, 6, 2020, 10, 10, 3, 58.500000
30, 6, 2020, 10, 20, 2, 58.099998
30, 6, 2020, 10, 30, 3, 57.700001
30, 6, 2020, 10, 40, 5, 57.599998
30, 6, 2020, 10, 50, 3, 57.700001
30, 6, 2020, 11, 0, 2, 58.099998
30, 6, 2020, 11, 10, 2, 58.299999
30, 6, 2020, 11, 20, 3, 58.500000
30, 6, 2020, 11, 30, 3, 58.500000
30, 6, 2020, 11, 40, 2, 58.599998
30, 6, 2020, 11, 50, 3, 58.700001
30, 6, 2020, 12, 0, 3, 58.700001
30, 6, 2020, 12, 10, 2, 58.599998
30, 6, 2020, 12, 20, 3, 58.599998
30, 6, 2020, 12, 30, 2, 58.099998
30, 6, 2020, 12, 40, 2, 58.200001
30, 6, 2020, 12, 50, 3, 57.900002
30, 6, 2020, 13, 0, 2, 58.099998
30, 6, 2020, 13, 10, 5, 58.299999
30, 6, 2020, 13, 20, 2, 58.200001
30, 6, 2020, 13, 30, 3, 57.700001
30, 6, 2020, 13, 40, 3, 57.400002
30, 6, 2020, 13, 50, 2, 57.299999
30, 6, 2020, 14, 0, 3, 57.099998
30, 6, 2020, 14, 10, 3, 56.799999
30, 6, 2020, 14, 20, 2, 56.700001
30, 6, 2020, 14, 30, 3, 56.299999
30, 6, 2020, 14, 40, 3, 56.700001
30, 6, 2020, 14, 50, 2, 56.700001
30, 6, 2020, 15, 0, 3, 56.599998
30, 6, 2020, 15, 10, 3, 56.200001
30, 6, 2020, 15, 20, 5, 55.900002
30, 6, 2020, 15, 30, 2, 55.400002
30, 6, 2020, 15, 40, 2, 55.000000
30, 6, 2020, 15, 50, 3, 54.500000
30, 6, 2020, 16, 0, 2, 54.099998
30, 6, 2020, 16, 10, 2, 54.099998
30, 6, 2020, 16, 20, 5, 53.400002
30, 6, 2020, 16, 30, 3, 53.000000
30, 6, 2020, 16, 40, 3, 52.400002
30, 6, 2020, 16, 50, 2, 52.200001
30, 6, 2020, 17, 0, 6, 52.400002
30, 6, 2020, 17, 10, 2, 52.700001
30, 6, 2020, 17, 20, 3, 52.900002
30, 6, 2020, 17, 30, 3, 53.099998
30, 6, 2020, 17, 40, 2, 53.099998
30, 6, 2020, 17, 50, 5, 54.500000
30, 6, 2020, 18, 0, 3, 54.700001
30, 6, 2020, 18, 10, 3, 54.700001
30, 6, 2020, 18, 20, 2, 54.599998
30, 6, 2020, 18, 30, 5, 55.500000
30, 6, 2020, 18, 40, 2, 55.299999
30, 6, 2020, 18, 50, 3, 55.500000
30, 6, 2020, 19, 0, 2, 56.599998
30, 6, 2020, 19, 10, 3, 56.500000
30, 6, 2020, 19, 20, 3, 56.799999
30, 6, 2020, 19, 30, 2, 57.799999
30, 6, 2020, 19, 40, 2, 57.900002
30, 6, 2020, 19, 50, 3, 58.099998
30, 6, 2020, 20, 0, 7, 58.500000
30, 6, 2020, 20, 10, 2, 58.400002
30, 6, 2020, 20, 20, 3, 59.000000
30, 6, 2020, 20, 30, 2, 59.400002
30, 6, 2020, 20, 40, 5, 59.900002
30, 6, 2020, 20, 50, 2, 59.500000
30, 6, 2020, 21, 0, 3, 59.700001
30, 6, 2020, 21, 10, 3, 59.400002
30, 6, 2020, 21, 20, 2, 59.700001
30, 6, 2020, 21, 30, 3, 59.700001
30, 6, 2020, 21, 40, 3, 60.099998
30, 6, 2020, 21, 50, 2, 60.099998
30, 6, 2020, 22, 0, 3, 59.799999
30, 6, 2020, 22, 10, 3, 60.000000
30, 6, 2020, 22, 20, 2, 59.900002
30, 6, 2020, 22, 30, 3, 60.200001
30, 6, 2020, 22, 40, 3, 59.900002
30, 6, 2020, 22, 50, 2, 59.900002
30, 6, 2020, 23, 0, 3, 59.700001
30, 6, 2020, 23, 10, 3, 59.099998
30, 6, 2020, 23, 20, 2, 58.500000
30, 6, 2020, 23, 30, 3, 58.000000
30, 6, 2020, 23, 40, 3, 58.599998
30, 6, 2020, 23, 50, 2, 58.599998
